hsa:10	0	0	0	0	0	0	0	0	0	0	0	0	0	0	0	0	0	0	0	0	0	0	0	0	0	0	0	0	0	0	0	0	0	0	0	0	0	0	0	0	0	0	0	0	0	0	0	0	0	0	
hsa:100	0	0	0	0	0	0	0	0	0	0	0	0	0	0	0	0	0	0	0	0	0	0	0	0	0	0	0	0	0	0	0	0	0	0	0	0	0	0	0	0	0	0	0	0	0	0	0	0	0	0	
hsa:10056	0	0	0	0	0	0	0	0	0	0	0	0	0	0	0	0	0	0	0	0	0	0	0	0	0	0	0	0	0	0	0	0	0	0	0	0	0	0	0	0	0	0	0	0	0	0	0	0	0	0	
hsa:1017	0	0.502	0	0.722	0.734	0	0	0.6166666	0	0.454	0.508	0.628	0.7475	0	0	0	0	0	0	0	0	0	0	0.548	0	0	0	0	0.45	0.543543555556	0	0	0	0	0	0	0	0	0	0	0	0	0	0	0	0	0	0	0	0	
hsa:1018	0	0.548	0	0.722	0.734	0	0	0.6166666	0	0	0.508	0.652	0.7475	0	0	0	0	0	0	0	0	0	0	0.548	0	0	0	0	0.465	0.540540555556	0	0	0	0	0	0	0	0	0	0	0	0	0	0	0	0	0	0	0	0	
hsa:10188	0.6	0.846	0.558	0.73	0.602	0.474	0.628	0.6333333	0	0.536	0.558	0.528	0	0	0	0	0.5729165	0.564	0	0	0	0	0.4611111	0.556	0	0	0	0.54	0.725	0	0	0	0	0	0	0	0	0	0	0	0	0	0.542735111111	0	0	0	0	0	0	0	
hsa:1019	0	0.594	0	0.76	0.756	0	0	0.6458333	0	0	0.508	0.54	0.7475	0	0	0	0	0	0	0	0	0	0	0.534	0	0	0	0	0.53	0.552552555556	0	0	0	0	0	0	0	0	0	0	0	0	0	0	0	0	0	0	0	0	
hsa:1020	0	0.502	0	0.718	0.734	0	0	0.6416666	0	0	0.496	0.538	0.58	0	0	0	0	0	0	0	0	0	0	0.536	0	0	0	0	0.45	0.531531444444	0	0	0	0	0	0	0	0	0	0	0	0	0	0	0	0	0	0	0	0	
hsa:1021	0	0.594	0	0.722	0.758	0	0	0.6166666	0	0	0.514	0.542	0.7475	0	0	0	0	0	0	0	0	0	0	0.582	0	0	0	0	0.53	0.534534555556	0	0	0	0	0	0	0	0	0	0	0	0	0	0	0	0	0	0	0	0	
hsa:1022	0	0.502	0	0.622	0.726	0	0	0.5895833	0	0	0.522	0.566	0.76	0	0	0	0	0.49	0	0	0	0	0	0.464	0	0	0	0	0.45	0.561561555556	0	0	0	0	0	0	0	0	0	0	0	0	0	0	0	0	0	0	0	0	
hsa:1024	0	0.54	0	0.642	0.77	0	0	0.51875	0	0	0	0.496	0.725	0	0	0	0	0	0	0	0	0	0	0.506	0	0	0	0	0.465	0.513513444444	0	0	0	0	0	0	0	0	0	0	0	0	0	0	0	0	0	0	0	0	
hsa:1025	0	0.532	0	0.718	0.62	0	0	0.6416666	0	0	0.636	0	0.67	0	0	0	0	0	0	0	0	0	0	0.516	0	0	0	0	0.45	0.525525444444	0	0	0	0	0	0	0	0	0	0	0	0	0	0	0	0	0	0	0	0	
hsa:10269	0	0	0	0	0	0	0	0	0	0	0	0	0	0	0	0	0	0	0	0	0	0	0	0	0	0	0	0	0	0	0	0	0	0	0	0	0	0	0	0	0	0	0	0	0	0	0	0	0	0	
hsa:10279	0	0	0	0	0	0	0	0	0	0	0	0	0	0	0	0	0	0	0	0	0	0	0	0	0	0	0	0	0	0	0	0	0	0.4941176	0	0	0	0	0	0	0	0	0	0	0	0	0	0	0	0	
hsa:10295	0	0	0.454	0	0	0	0	0	0	0	0	0	0	0	0	0	0	0	0	0	0	0	0.4611111	0	0	0	0	0	0	0	0	0	0	0	0	0	0	0	0	0	0	0	0	0	0	0	0	0	0	0	
hsa:10327	0	0	0	0	0	0	0	0	0	0	0	0	0	0	0	0	0	0	0	0	0	0	0.4555555	0	0	0	0	0	0	0	0	0	0	0	0	0	0	0	0	0	0	0	0	0	0	0	0	0	0	0	
hsa:1033	0	0	0	0	0	0	0	0	0	0	0	0	0	0	0	0	0	0	0	0	0	0	0	0	0	0	0	0	0	0	0	0	0	0	0	0	0	0	0	0	0	0.5166668	0	0	0	0	0	0	0	0	
hsa:10461	0.67	0.822	0.588	0.514	0.504	0.558	0.568	0.54375	0	0.566	0.596	0.664	0	0	0	0	0	0.514	0.506	0	0	0	0	0.578	0	0	0	0.524	0.78	0	0.55	0	0.473015777778	0	0	0	0	0	0	0	0	0	0.559829	0	0	0	0	0	0	0	
hsa:10549	0	0	0	0	0	0	0	0	0	0	0	0	0	0	0	0	0	0	0	0	0	0	0	0	0	0	0	0	0	0	0	0	0	0	0	0	0	0	0	0	0	0	0	0	0	0	0	0	0	0	
hsa:1056	0	0	0	0	0	0	0	0	0.623912878571	0	0	0	0	0	0	0	0	0	0	0	0	0	0	0	0	0	0	0	0	0	0	0	0	0	0	0	0	0	0	0	0	0	0	0	0	0	0	0	0	0	
hsa:10667	0	0	0	0	0	0	0	0	0	0	0	0	0	0	0	0	0	0	0	0	0	0	0	0	0	0	0	0	0	0	0	0	0	0	0	0	0	0	0	0	0	0	0	0	0	0	0	0	0	0	
hsa:107	0.514	0	0	0	0	0	0	0	0	0.472	0	0	0	0	0	0	0	0	0	0	0	0	0	0	0	0	0	0	0	0	0	0	0	0	0.711111	0	0	0.5333333	0	0	0	0	0	0	0	0	0	0	0	0	
hsa:10720	0	0	0	0	0	0	0	0	0	0	0	0	0	0	0	0	0	0	0	0.8555556	0.9055554	0.6851852	0.9333333	0	0.7999999	0.811111	0.7888889	0	0	0	0	0	0	0.8294117	0	0.7666666	0.761111	0.9222222	0.6789473	0	0.7999999	0	0	0	0	0	0.8421051	0	0	0	
hsa:10747	0	0	0	0	0	0	0	0	0.6717391	0	0	0	0	0.6314284	0	0	0	0	0	0	0	0	0	0	0	0	0	0	0	0	0	0	0	0	0	0	0	0	0	0	0	0	0	0	0.537931	0	0	0	0	0	
hsa:108	0.514	0	0	0	0	0	0	0	0	0.472	0	0	0	0	0	0	0	0	0	0	0	0	0	0	0	0	0	0	0	0	0	0	0	0.4705882	0.686111	0	0	0.4944444	0	0	0	0	0	0	0	0	0	0	0	0	
hsa:10825	0	0	0	0	0	0	0	0	0	0	0	0	0	0	0	0	0	0	0	0	0	0	0	0	0	0	0	0	0	0	0	0	0	0	0	0	0	0	0	0	0	0	0	0	0	0	0	0	0	0	
hsa:10846	0	0	0	0	0	0	0	0	0	0	0	0	0	0	0	0	0	0	0	0	0	0	0	0	0	0	0	0	0	0	0	0	0	0	0	0	0	0	0	0.68	0	0	0	0.6277779	0	0	0	0	0	0	
hsa:10858	0	0	0	0	0	0	0	0	0	0	0	0	0	0	0	0.5744682	0	0	0	0	0	0	0	0	0	0	0	0	0	0	0	0	0	0.4705882	0	0	0	0	0	0	0	0	0	0	0	0.4925	0	0	0	0	
hsa:109	0.45	0	0	0	0	0	0	0	0	0	0	0	0	0	0	0	0	0	0	0	0	0	0	0	0	0	0	0	0	0	0	0	0	0.5	0.64444435	0	0	0	0	0	0	0	0	0	0	0	0	0	0	0	
hsa:10901	0	0	0	0	0	0	0	0	0	0	0	0	0	0	0	0	0	0	0	0	0	0	0	0	0	0	0	0	0	0	0	0	0	0	0	0	0	0.4722222	0	0	0	0	0	0	0	0	0	0	0	0	
hsa:10924	0	0	0	0	0	0	0	0	0	0	0	0	0	0.4542857	0	0	0	0	0	0	0	0	0	0	0	0	0	0	0	0	0	0	0	0	0	0	0	0	0	0	0	0	0	0	0	0	0	0	0	0	
hsa:10935	0	0	0	0	0	0	0	0	0	0	0	0	0	0	0	0	0	0	0	0	0	0	0	0	0	0	0	0	0	0	0	0	0	0	0	0	0	0	0	0	0	0	0	0	0	0	0	0	0	0	
hsa:10941	0	0	0	0	0	0	0	0	0	0	0	0	0	0	0	0	0	0	0	0.9388889	0.9055554	0.6777778	0.9333333	0	0.5454547	0.7388889	0.8111111	0	0	0	0	0	0	0	0	0.6833334	0.8166666	0.8444444	0.6736841	0	0.4944446	0	0	0	0	0	0.6789472	0	0	0	
hsa:11072	0	0	0	0	0	0	0	0	0	0	0	0	0	0	0	0	0	0	0	0	0	0	0	0	0	0	0	0	0	0	0	0	0	0	0	0	0	0	0	0	0	0.7791667	0	0	0	0	0	0	0	0	
hsa:111	0.514	0	0	0	0	0	0	0	0	0.472	0	0	0	0	0	0	0	0	0	0	0	0	0	0	0	0	0	0	0	0	0	0	0	0	0.686111	0	0	0	0	0	0	0	0	0	0	0	0	0	0	0	
hsa:112	0.514	0	0	0	0	0	0	0	0	0.472	0	0	0	0	0	0	0	0	0	0	0	0	0	0	0	0	0	0	0	0	0	0	0	0	0.686111	0	0	0	0	0	0	0	0	0	0	0	0	0	0	0	
hsa:11202	0	0	0	0	0	0	0	0	0.7978261	0	0	0	0	0.7199999	0	0	0	0	0	0	0	0	0	0	0	0	0	0	0	0	0	0.5486487	0	0.4705882	0	0	0	0	0	0	0	0	0	0	0.4586208	0	0	0	0	0	
hsa:11221	0	0	0	0	0	0	0	0	0	0	0	0	0	0	0	0	0	0	0	0	0	0	0	0	0	0	0	0	0	0	0	0	0	0	0	0	0	0	0	0	0	0.7041667	0	0	0	0	0.4631578	0	0	0	
hsa:11238	0	0	0	0	0	0	0	0	0	0	0	0	0	0	0	0	0	0	0	0	0	0	0	0	0	0	0	0	0	0	0	0	0	0	0	0	0	0	0	0	0	0	0	0	0	0	0	0	0	0	
hsa:11266	0	0	0	0	0	0	0	0	0	0	0	0	0	0	0	0	0	0	0	0	0	0	0.4944444	0	0	0	0	0	0	0	0	0	0	0	0	0	0	0	0	0	0	0.7666667	0	0	0	0	0	0	0	0	
hsa:113	0.51	0	0	0	0	0	0	0	0	0	0	0	0	0	0	0	0	0	0	0	0	0	0	0	0	0	0	0	0	0	0	0	0	0	0.686111	0	0	0	0	0	0	0	0	0	0	0	0	0	0.4923077	0	
hsa:11330	0	0	0	0	0	0	0	0	0.7130435	0	0	0	0	0.66	0	0	0	0	0	0	0	0	0	0	0	0	0	0	0	0	0	0.5162162	0	0	0	0	0	0.45	0	0	0	0	0	0	0.6068965	0	0	0	0	0	
hsa:11343	0	0	0	0	0	0	0	0	0	0	0	0	0	0	0	0	0	0	0	0	0	0	0	0	0	0	0	0	0	0	0	0	0	0	0	0	0	0	0	0	0	0	0	0	0	0	0	0	0	0	
hsa:114	0	0	0	0	0	0	0	0	0.4565218	0	0	0	0	0	0	0	0	0	0	0	0	0	0	0	0	0	0	0	0	0	0	0	0	0	0.6249999	0	0	0	0	0	0	0	0	0	0	0	0	0	0	0	
hsa:1147	0.466	0.586	0	0	0.69	0	0	0	0	0	0.562	0	0.6125	0	0	0	0	0	0	0	0	0	0	0.54	0	0	0	0	0.48	0	0	0	0	0	0	0	0	0	0	0	0	0	0	0	0	0	0	0	0	0	
hsa:115	0.51	0	0	0	0	0	0	0	0.4956521	0	0	0	0	0	0	0	0	0	0	0	0	0	0	0	0	0	0	0	0	0	0	0	0	0.4941176	0.52777775	0	0	0.4611111	0	0	0	0	0	0	0	0	0	0	0	0	
hsa:116447	0	0	0	0.456	0	0	0	0	0	0	0	0	0	0	0	0	0	0	0	0	0	0	0	0	0	0	0	0	0	0	0	0	0	0	0	0	0	0	0	0	0	0	0	0	0	0	0	0	0	0	
hsa:1178	0	0	0	0	0	0	0	0	0	0	0	0	0	0	0	0	0	0	0	0	0	0	0	0	0	0	0	0	0	0	0	0	0	0	0	0	0	0	0	0	0	0	0	0	0	0	0	0	0	0	
hsa:1200	0	0	0	0	0	0	0	0	0	0	0	0	0	0	0	0	0	0	0	0	0	0	0	0	0	0	0	0	0	0	0	0	0	0	0	0	0	0	0.5421053	0	0	0	0	0	0	0	0	0	0	0	
hsa:1215	0	0	0	0	0	0	0	0	0.65	0	0	0	0	0.6542857	0	0	0	0	0	0	0	0	0	0	0	0	0	0	0	0	0	0.5432433	0	0	0	0	0	0	0	0	0	0	0	0	0.4793103	0	0	0	0	0	
hsa:124	0	0	0	0	0	0	0	0	0	0	0	0	0	0	0	0	0	0	0	0	0	0	0	0	0	0	0	0	0	0	0	0.5135135	0	0	0	0	0	0	0	0	0	0	0	0	0	0	0	0	0	0	
hsa:125	0	0	0	0	0	0	0	0	0	0	0	0	0	0	0	0	0	0	0	0	0	0	0	0	0	0	0	0	0	0	0	0.5135135	0	0	0	0	0	0	0	0	0	0	0	0	0	0	0	0	0	0	
hsa:126	0	0	0	0	0	0	0	0	0	0	0	0	0	0	0	0	0	0	0	0	0	0	0	0	0	0	0	0	0	0	0	0.5135135	0	0	0	0	0	0	0	0	0	0	0	0	0	0	0	0	0	0	
hsa:1267	0	0	0	0	0	0	0	0	0	0	0	0	0	0	0	0	0	0	0	0	0	0	0	0	0	0	0	0	0	0	0	0	0	0	0	0	0	0	0	0	0	0	0	0	0	0	0	0	0	0	
hsa:128	0	0	0	0	0	0	0	0	0	0	0	0	0	0	0	0	0	0	0	0	0	0	0	0	0	0	0	0	0	0	0	0.4918919	0	0	0	0	0	0	0	0	0	0	0	0	0	0	0	0	0	0	
hsa:128853	0	0	0	0	0	0	0	0	0	0	0	0	0	0	0	0	0	0	0	0	0	0	0	0	0	0	0	0	0	0	0	0	0	0	0	0	0	0	0	0	0	0.7583334	0	0	0	0	0	0	0	0	
hsa:129807	0	0	0	0	0	0	0	0	0	0	0	0	0	0	0	0	0	0	0	0	0	0	0	0	0	0	0	0	0	0	0	0	0	0	0	0	0	0	0	0	0	0	0	0	0	0	0	0	0	0	
hsa:13	0	0	0	0	0	0	0	0	0	0	0	0	0	0	0	0	0	0	0	0	0	0	0	0	0	0	0	0	0	0	0	0	0	0	0	0	0	0	0	0	0	0	0	0	0	0	0	0	0	0	
hsa:130399	0	0	0	0.49	0.65	0	0	0	0	0	0.612	0	0.6375	0	0	0	0	0	0	0	0	0	0	0.484	0.4636362	0	0	0	0	0	0	0	0	0	0	0	0	0	0	0	0	0	0	0	0	0	0	0	0	0	
hsa:131	0	0	0	0	0	0	0	0	0	0	0	0	0	0	0	0	0	0	0	0	0	0	0	0	0	0	0	0	0	0	0	0.5027027	0	0.5117647	0	0	0	0	0	0	0	0	0	0	0	0	0	0	0	0	
hsa:1312	0	0	0	0	0	0	0	0	0	0	0	0	0	0	0	0	0	0	0	0	0	0	0	0	0	0	0	0	0	0	0	0	0	0	0	0	0	0	0	0	0	0	0	0	0	0	0	0	0	0	
hsa:132	0	0	0	0	0	0	0	0	0	0	0	0	0	0	0	0	0	0	0	0	0	0	0	0	0	0	0	0	0	0	0	0	0	0	0	0	0	0.4888889	0	0	0	0	0	0	0	0	0	0	0	0	
hsa:132160	0	0	0	0	0	0	0	0	0.45	0	0	0	0	0	0	0	0	0	0	0	0	0	0	0	0	0	0	0	0	0	0	0	0	0	0	0	0	0	0	0	0	0	0	0	0	0	0	0	0	0	
hsa:133121	0	0	0	0	0	0	0	0	0	0	0	0	0	0	0	0	0	0	0	0	0	0	0	0	0	0	0	0	0	0	0	0	0	0	0	0	0	0	0	0	0	0	0	0	0	0	0	0	0	0	
hsa:134510	0	0	0	0	0	0	0	0	0	0	0	0	0	0	0	0	0	0	0	0	0	0	0	0	0	0	0	0	0	0	0	0	0	0	0	0	0	0	0	0	0	0	0	0	0	0	0	0	0	0	
hsa:1360	0	0	0	0	0	0	0	0	0	0	0	0	0	0	0	0	0	0	0	0	0	0	0	0	0	0	0	0	0	0	0	0	0	0	0	0	0	0	0	0	0	0	0	0	0	0	0	0	0	0	
hsa:1363	0	0	0	0	0	0	0	0	0	0	0	0	0	0	0	0	0	0	0	0	0	0	0	0	0	0	0	0	0	0	0	0	0	0	0	0	0	0	0	0	0	0	0	0	0	0	0	0	0	0	
hsa:1374	0	0	0	0	0	0	0	0	0	0	0	0	0	0	0	0	0	0	0	0	0	0	0	0	0	0	0	0	0	0	0	0	0	0.4823529	0	0	0	0.45	0	0	0	0	0	0	0	0	0.4736841	0	0	0	
hsa:1376	0	0	0	0	0	0	0	0	0	0	0	0	0	0	0	0	0	0	0	0	0	0	0	0	0	0	0	0	0	0	0	0	0	0	0	0	0	0	0	0	0	0	0	0	0	0	0.5105262	0	0	0	
hsa:1384	0	0	0	0	0	0	0	0	0	0	0	0	0	0	0	0	0	0	0	0	0	0	0	0	0	0	0	0	0	0	0	0	0	0	0	0	0	0	0	0	0	0	0	0	0	0	0	0	0	0	
hsa:142679	0	0	0	0	0	0	0	0	0	0	0	0	0	0	0	0	0	0	0	0	0	0	0	0	0	0	0	0	0	0	0	0	0	0	0	0	0	0.4833333	0	0	0	0.6875	0	0	0	0	0	0	0	0	
hsa:1429	0	0	0	0	0	0	0	0	0	0	0	0	0	0	0	0	0	0	0	0	0	0	0	0	0	0	0	0	0	0	0	0	0	0	0	0	0	0.4833333	0	0	0	0	0	0	0	0	0	0	0	0	
hsa:1431	0	0	0	0	0	0	0	0	0	0	0	0	0	0	0	0	0	0	0	0	0	0	0	0	0	0	0	0	0	0	0	0	0	0	0	0	0	0	0	0	0	0	0	0	0	0	0	0	0	0	
hsa:1432	0	0.548	0	0.734	0.688	0	0	0.6645832	0	0.484	0.452	0.498	0.73	0	0	0	0	0	0	0	0	0	0	0.548	0	0	0	0	0.465	0.537537555556	0	0	0	0	0	0	0	0	0	0	0	0	0	0	0	0	0	0	0	0	
hsa:1436	0.768	0.778	0.728	0.752	0.532	0.46	0.588	0.6541666	0	0.596	0.594	0.59	0	0	0	0	0	0.624	0.6	0	0	0	0	0.604	0	0	0	0.51	0.675	0	0	0	0	0	0	0	0	0	0	0	0	0	0.688034111111	0	0	0	0.4526316	0	0	0	
hsa:1445	0.818	0.886	0.736	0.514	0.596	0.478	0	0.5979167	0	0.63	0.584	0.554	0	0	0.5857143	0	0	0.518	0.542	0	0	0	0	0.512	0	0	0	0	0.79	0	0.538	0	0.453968222222	0	0	0	0	0	0	0	0	0	0.555555555556	0	0	0	0	0	0	0	
hsa:150290	0	0	0	0	0	0	0	0	0	0	0	0	0	0	0	0	0	0	0	0	0	0	0	0	0	0	0	0	0	0	0	0	0	0	0	0	0	0	0	0	0	0.7041667	0	0	0	0	0	0	0	0	
hsa:1504	0	0	0	0	0	0	0	0	0	0	0	0	0	0.6857142	0	0	0	0	0	0	0	0	0	0	0	0	0	0	0	0	0	0.5486486	0	0	0	0	0	0	0	0	0	0	0	0	0	0	0	0	0	0	
hsa:151531	0	0	0	0	0	0	0	0	0	0	0	0	0	0	0	0	0	0	0	0	0	0	0	0	0	0	0	0	0	0	0	0	0	0	0	0	0	0	0	0	0	0	0	0	0	0	0	0	0	0	
hsa:1537	0	0	0	0	0	0	0	0	0	0	0	0	0	0	0	0	0	0	0	0	0	0	0	0	0	0	0	0	0	0	0	0	0	0	0	0	0	0	0	0	0	0	0	0	0	0	0	0	0	0	
hsa:1543	0	0	0	0	0	0	0	0	0	0	0	0	0	0	0	0.6021277	0	0	0	0	0	0	0	0	0	0	0	0	0	0	0	0	0	0	0	0	0	0.4944445	0	0	0	0	0	0	0	0.5525	0	0	0	0	
hsa:1544	0	0	0	0	0	0	0	0	0	0	0	0	0	0	0	0.5872341	0	0	0	0	0	0	0	0	0	0	0	0	0	0	0	0	0	0	0	0	0	0	0	0	0	0	0	0	0	0.555	0	0	0	0	
hsa:1545	0	0	0.474	0	0	0	0	0	0	0	0	0	0	0	0	0.6021277	0	0	0	0	0	0	0	0	0	0	0	0	0	0	0	0	0	0	0	0	0	0	0	0	0	0	0	0	0	0.5825	0	0	0	0	
hsa:1548	0	0	0	0	0	0	0	0	0	0	0	0	0	0	0	0.5978724	0	0	0	0	0	0	0	0	0	0	0	0	0	0	0	0	0	0.5	0	0	0	0.4833333	0	0	0	0	0	0	0	0.5175	0	0	0	0.657143	
hsa:1549	0	0	0	0	0	0	0	0	0	0	0	0	0	0	0	0.5978724	0	0	0	0	0	0	0	0	0	0	0	0	0	0	0	0	0	0	0	0	0	0.4833333	0	0	0	0	0	0	0	0.5175	0	0	0	0.657143	
hsa:1551	0	0	0	0	0	0	0	0	0	0	0	0	0	0	0	0.5957447	0	0	0	0	0	0	0	0	0	0	0	0	0	0	0	0	0	0	0	0	0	0.4944444	0	0	0	0	0	0	0	0.545	0	0	0	0	
hsa:1553	0	0	0	0	0	0	0	0	0	0	0	0	0	0	0	0.5723405	0	0	0	0	0	0	0	0	0	0	0	0	0	0	0	0	0	0	0	0	0	0	0	0	0	0	0	0	0	0.51	0	0	0	0.7142859	
hsa:1555	0	0	0	0	0	0	0	0	0	0	0	0	0	0	0	0.6148937	0	0	0	0	0	0	0	0	0	0	0	0	0	0	0	0	0	0.4705882	0	0	0	0	0	0	0	0	0	0	0	0.5175	0	0	0	0.6619049	
hsa:1557	0	0	0	0	0	0	0	0	0	0	0	0	0	0	0	0.6	0	0	0	0	0	0	0	0	0	0	0	0	0	0	0	0	0	0	0	0	0	0	0	0	0	0	0	0	0	0.5425	0	0	0	0.7333335	
hsa:1558	0	0	0	0	0	0	0	0	0	0	0	0	0	0	0	0.6021277	0	0	0	0	0	0	0	0	0	0	0	0	0	0	0	0	0	0	0	0	0	0	0	0	0	0	0	0	0	0.49	0	0	0	0.7333335	
hsa:1559	0	0	0	0	0	0	0	0	0	0	0	0	0	0	0	0.6	0	0	0	0	0	0	0	0	0	0	0	0	0	0	0	0	0	0	0	0	0	0	0	0	0	0	0	0	0	0.545	0	0	0	0.7333335	
hsa:1562	0	0	0	0	0	0	0	0	0	0	0	0	0	0	0	0.5914894	0	0	0	0	0	0	0	0	0	0	0	0	0	0	0	0	0	0	0	0	0	0	0	0	0	0	0	0	0	0.545	0	0	0	0.7333335	
hsa:1565	0	0	0	0	0	0	0	0	0	0	0	0	0	0	0	0.6085107	0	0	0	0	0	0	0	0	0	0	0	0	0	0	0	0	0	0	0	0	0	0.45	0	0	0	0	0	0	0	0.4975	0	0	0	0.7142859	
hsa:1571	0	0	0	0	0	0	0	0	0	0	0	0	0	0	0	0.5723405	0	0	0	0	0	0	0	0	0	0	0	0	0	0	0	0	0	0	0	0	0	0	0	0	0	0	0	0	0	0.5575	0	0	0	0.6761906	
hsa:1572	0	0.454	0	0	0	0	0	0	0	0	0	0	0	0	0	0.6042554	0	0	0	0	0	0	0	0	0	0	0	0	0	0	0	0	0	0	0	0	0	0	0	0	0	0	0	0	0	0.5425	0	0	0	0.7523812	
hsa:1573	0	0	0	0	0	0	0	0	0	0	0	0	0	0	0	0.612766	0	0	0	0	0	0	0	0	0	0	0	0	0	0	0	0	0	0	0	0	0	0	0	0	0	0	0	0	0	0.52	0	0	0	0.7000002	
hsa:1576	0	0	0	0	0	0	0	0	0	0	0	0	0	0	0	0.5957447	0	0	0	0	0	0	0	0	0	0	0	0	0	0	0	0	0	0	0	0	0	0	0	0	0	0	0	0	0	0.545	0	0	0	0.5285714	
hsa:1577	0	0	0	0	0	0	0	0	0	0	0	0	0	0	0	0.5957447	0	0	0	0	0	0	0	0	0	0	0	0	0	0	0	0	0	0.4529411	0	0	0	0.4944444	0	0	0	0	0	0	0	0.555	0.4526315	0	0	0.5285714	
hsa:1579	0	0	0	0	0	0	0	0	0	0	0	0	0	0	0	0.5978724	0	0	0	0	0	0	0	0	0	0	0	0	0	0	0	0	0	0	0	0	0	0.4777778	0	0	0	0	0	0	0	0.53	0	0	0	0.5571429	
hsa:1580	0	0	0	0	0	0	0	0	0	0	0	0	0	0	0	0.6361702	0	0	0	0	0	0	0	0	0	0	0	0	0	0	0	0	0	0	0	0	0	0	0	0	0	0	0	0	0	0.46	0	0	0	0	
hsa:1581	0	0	0	0	0	0	0	0	0	0	0	0	0	0	0	0	0	0	0	0	0	0	0	0	0	0	0	0	0	0	0	0	0	0	0	0	0	0	0	0	0	0	0	0	0	0	0	0	0	0	
hsa:1582	0	0	0	0	0	0	0	0	0	0	0	0	0	0	0	0	0	0	0	0	0	0	0	0	0	0	0	0	0	0	0	0	0	0	0	0	0	0.45	0	0	0	0	0	0	0	0.4625	0	0	0	0	
hsa:1583	0	0	0	0	0	0	0	0	0	0	0	0	0	0	0	0.5659576	0	0	0	0	0	0	0	0	0	0	0	0	0	0	0	0	0	0	0	0	0	0	0	0	0	0	0	0	0	0.5125	0	0	0	0	
hsa:1584	0	0	0	0	0	0	0	0	0	0	0	0	0	0	0	0.5702128	0	0	0	0	0	0	0	0	0	0	0	0	0	0	0	0	0	0	0	0	0	0	0	0	0	0	0	0	0	0.45	0	0	0	0	
hsa:1585	0	0	0	0	0	0	0	0	0	0	0	0	0	0	0	0.5702128	0	0	0	0	0	0	0	0	0	0	0	0	0	0	0	0	0	0	0	0	0	0.45	0	0	0	0	0	0	0	0.45	0	0	0	0	
hsa:1586	0	0	0	0	0	0	0	0	0	0	0	0	0	0	0	0.6	0	0	0	0	0	0	0	0	0	0	0	0	0	0	0	0	0	0	0	0	0	0	0	0	0	0	0	0	0	0.535	0	0	0	0	
hsa:1588	0	0	0	0	0	0	0	0	0	0	0	0	0	0	0	0.5446809	0	0	0	0	0	0	0	0	0	0	0	0	0	0	0	0	0	0	0	0	0	0	0	0	0	0	0	0	0	0	0	0	0	0	
hsa:1589	0	0	0	0	0	0	0	0	0	0	0	0	0	0	0	0.5617023	0	0	0	0	0	0	0	0	0	0	0	0	0	0	0	0	0	0	0	0	0	0.4944444	0	0	0	0	0	0	0	0.5375	0	0	0	0	
hsa:1593	0	0	0	0	0	0	0	0	0	0	0	0	0	0	0	0.5851065	0	0	0	0	0.4888888	0	0	0	0	0	0	0	0	0	0	0	0	0	0	0	0	0	0	0	0	0	0	0	0	0.4925	0	0	0	0.452381	
hsa:1594	0	0	0	0	0	0	0	0	0	0	0	0	0	0	0	0.5595745	0	0	0	0	0	0	0	0	0	0	0	0	0	0	0	0	0	0	0	0	0	0.4944445	0	0	0	0	0	0	0	0.45	0	0	0	0	
hsa:1595	0	0	0	0	0	0	0	0	0	0	0	0	0	0.4714286	0	0.4936171	0	0	0	0	0	0	0	0	0	0	0	0	0	0	0	0	0	0	0	0	0.4888888	0.4722222	0	0	0	0	0	0	0	0	0	0	0	0	
hsa:1610	0	0	0	0	0	0	0	0	0	0	0	0	0	0	0	0	0	0	0	0	0	0	0	0	0	0	0	0	0	0	0	0	0	0	0	0	0	0	0	0	0	0	0	0	0	0	0	0	0	0	
hsa:1621	0	0	0	0	0	0	0	0	0	0	0	0	0	0	0	0	0	0	0	0	0	0	0	0	0	0	0	0	0	0	0	0	0	0	0	0	0	0	0	0	0	0	0	0	0	0	0	0	0	0	
hsa:1633	0	0	0	0	0	0	0	0	0	0	0	0	0	0	0	0	0	0	0	0	0	0	0	0	0	0	0	0	0	0	0	0	0	0	0	0	0	0	0	0	0	0	0	0	0	0	0	0	0	0	
hsa:1636	0	0	0	0	0	0	0	0	0	0	0	0	0	0	0	0	0	0	0	0	0	0	0	0	0	0	0	0	0	0	0	0	0	0	0	0	0	0	0	0	0	0	0	0	0	0	0	0	0	0	
hsa:1645	0	0	0	0.454	0	0	0	0	0	0	0	0	0	0	0	0	0	0	0	0	0	0	0	0	0	0	0	0	0	0	0	0	0	0	0	0	0	0	0	0	0	0	0	0	0	0	0	0	0	0	
hsa:1675	0	0	0	0	0	0	0	0	0.7782609	0	0	0	0	0.6971428	0	0	0	0	0	0	0	0	0	0	0	0	0	0	0	0	0	0.5783784	0	0	0	0	0	0	0	0	0	0	0	0	0.5275862	0	0	0	0	0	
hsa:1719	0	0	0	0	0	0	0	0	0	0	0	0	0	0	0	0	0	0	0	0	0	0	0	0	0	0	0	0	0	0	0	0	0	0	0	0	0	0	0	0	0	0	0	0	0	0	0	0	0	0	
hsa:1723	0	0	0	0	0	0	0	0	0.4565218	0	0	0	0	0	0	0	0	0	0	0	0	0	0	0	0	0	0	0	0	0	0	0	0	0	0	0	0	0	0	0	0	0	0	0	0	0	0	0	0	0	
hsa:1725	0	0	0	0	0	0	0	0	0	0	0	0	0	0	0	0	0	0	0	0	0	0	0	0	0	0	0	0	0	0	0	0	0	0	0	0	0	0	0	0	0	0	0	0	0	0	0	0	0	0	
hsa:1728	0	0.452	0	0	0	0	0	0	0	0	0	0	0	0	0	0	0	0	0	0	0	0	0	0	0	0	0	0	0	0	0	0	0	0	0	0	0	0	0	0	0	0	0	0	0	0	0	0	0	0	
hsa:1733	0	0	0	0	0	0	0	0	0	0	0	0	0	0	0	0	0	0	0	0	0	0	0	0	0	0	0	0	0	0	0	0	0	0	0	0	0	0	0	0	0	0	0	0	0	0	0	0	0	0	
hsa:1734	0	0	0	0	0	0	0	0	0	0	0	0	0	0	0	0	0	0	0	0	0	0	0	0	0	0	0	0	0	0	0	0	0	0	0	0	0	0	0	0	0	0	0	0	0	0	0	0	0	0	
hsa:1735	0	0	0	0	0	0	0	0	0	0	0	0	0	0	0	0	0	0	0	0	0	0	0	0	0	0	0	0	0	0	0	0	0	0	0	0	0	0	0	0	0	0	0	0	0	0	0	0	0	0	
hsa:18	0	0	0	0	0	0	0	0	0	0	0	0	0	0	0	0	0	0	0	0	0	0	0	0	0	0	0	0	0	0	0	0	0	0	0	0	0	0	0	0	0	0	0	0	0	0	0.4578947	0	0	0	
hsa:1800	0	0	0	0	0	0	0	0	0	0	0	0	0	0	0	0	0	0	0	0	0	0	0	0	0	0	0	0	0	0	0	0	0	0.4941176	0	0	0.4722222	0	0	0	0	0	0	0	0	0	0	0	0	0	
hsa:1803	0	0	0	0	0	0	0	0	0	0	0	0	0	0	0	0	0	0	0	0	0	0	0	0	0	0	0	0	0	0	0	0	0	0	0	0	0	0	0	0	0	0	0	0	0	0	0	0	0	0	
hsa:1806	0	0	0	0	0	0	0	0	0	0	0	0	0	0	0	0	0	0	0	0	0	0	0	0	0	0	0	0	0	0	0	0	0	0	0	0.45	0	0.4833333	0	0	0	0	0	0	0	0	0	0	0	0	
hsa:1843	0	0	0	0	0	0	0	0	0	0	0	0	0	0	0	0	0	0	0	0	0	0	0	0	0	0	0	0	0	0	0	0	0	0	0	0	0	0	0	0	0	0.7708334	0	0	0	0	0	0	0	0	
hsa:1844	0	0	0	0	0	0	0	0	0	0	0	0	0	0	0	0	0	0	0	0	0	0	0	0	0	0	0	0	0	0	0	0	0	0	0	0	0	0	0	0	0	0.7708334	0	0	0	0	0	0	0	0	
hsa:1845	0	0	0	0	0	0	0	0	0	0	0	0	0	0	0	0	0	0	0	0	0	0	0	0	0	0	0	0	0	0	0	0	0	0	0	0	0	0	0	0	0	0.6416668	0	0	0	0	0	0	0	0	
hsa:1846	0	0	0	0	0	0	0	0	0	0	0	0	0	0	0	0	0	0	0	0	0	0	0	0	0	0	0	0	0	0	0	0	0	0	0	0	0	0	0	0	0	0.7708334	0	0	0	0	0	0	0	0	
hsa:1847	0	0.452	0	0	0	0	0	0	0	0	0	0	0	0	0	0	0	0	0	0	0	0	0	0	0	0	0	0	0	0	0	0	0	0	0	0	0	0	0	0	0	0.7583334	0	0	0	0	0	0	0	0	
hsa:1848	0	0	0	0	0	0	0	0	0	0	0	0	0	0	0	0	0	0	0	0	0	0	0	0	0	0	0	0	0	0	0	0	0	0	0	0	0	0	0	0	0	0.775	0	0	0	0	0	0	0	0	
hsa:1849	0	0	0	0	0	0	0	0	0	0	0	0	0	0	0	0	0	0	0	0	0	0	0	0	0	0	0	0	0	0	0	0	0	0	0	0	0	0	0	0	0	0.775	0	0	0	0	0	0	0	0	
hsa:1850	0	0	0	0	0	0	0	0	0.4978261	0	0	0	0	0	0	0	0	0	0	0	0	0	0	0	0	0	0	0	0	0	0	0	0	0	0	0	0	0	0	0	0	0.775	0	0	0	0	0	0	0	0	
hsa:1852	0	0	0	0	0	0	0	0	0	0	0	0	0	0	0	0	0	0	0	0	0	0	0	0	0	0	0	0	0	0	0	0	0	0	0	0	0	0	0	0	0	0.7833333	0	0	0	0	0	0	0	0	
hsa:189	0	0	0	0	0	0	0	0	0	0	0	0	0	0	0	0	0	0	0	0	0	0	0	0	0	0	0	0	0	0	0	0	0	0	0	0	0	0	0	0	0	0	0	0	0	0	0	0	0	0	
hsa:1890	0	0.452	0	0.454	0	0	0	0	0	0	0	0	0	0	0	0	0	0	0	0	0	0	0	0	0	0	0	0	0	0	0	0	0	0.4705882	0	0	0	0.5277778	0	0	0	0	0	0	0	0	0	0	0	0	
hsa:191	0	0	0	0.512	0	0	0	0.4770833	0	0	0	0	0	0	0	0	0	0	0	0	0	0	0	0	0	0	0	0	0	0	0	0	0	0	0	0	0	0	0	0	0	0	0	0	0	0	0	0	0	0	
hsa:1956	0.67	0.886	0.632	0.684	0.596	0.53	0.65	0.6062499	0	0.574	0.61	0	0	0	0	0	0.4541666	0.488	0.5	0	0	0	0	0.596	0	0	0	0	0.79	0	0	0	0	0.4705882	0.4888889	0	0	0	0	0	0	0	0.675213666667	0	0	0	0	0	0	0	
hsa:196883	0.514	0	0	0	0	0	0	0	0	0.472	0	0	0	0	0	0	0	0	0	0	0	0	0	0	0	0	0	0	0	0	0	0	0	0	0.686111	0	0	0	0	0	0	0	0	0	0	0	0	0	0	0	
hsa:1969	0.766	0.892	0.712	0.632	0.626	0.504	0.578	0.6958333	0	0.59	0.688	0.62	0	0	0.6122449	0	0.5520832	0.624	0.576	0	0	0	0	0.506	0	0	0	0	0.79	0	0.57	0	0.485714222222	0	0	0	0	0	0	0	0	0	0.576923111111	0	0	0	0	0	0	0	
hsa:1990	0	0	0	0	0	0	0	0	0.7304348	0	0	0	0	0.6571428	0	0	0	0	0	0	0	0	0	0	0	0	0	0	0	0	0	0.4837837	0	0.4647058	0	0	0	0	0	0	0	0	0	0	0.5344828	0	0	0	0	0	
hsa:1991	0	0	0	0	0	0	0	0	0.7021739	0	0	0	0	0.5714286	0	0	0	0	0	0	0	0	0	0	0	0	0	0	0	0	0	0.4891892	0	0	0	0	0	0	0	0	0	0	0	0	0	0	0	0	0	0	
hsa:199974	0	0	0	0	0	0	0	0	0	0	0	0	0	0	0	0.619149	0	0	0	0	0	0	0	0	0	0	0	0	0	0	0	0	0	0	0	0	0	0	0	0	0	0	0	0	0	0.51	0	0	0	0.5571429	
hsa:2041	0.766	0.892	0.712	0.62	0.626	0.522	0.552	0.6625	0	0.59	0.688	0.53	0	0	0.5918367	0	0.6062498	0.594	0.524	0	0	0	0	0.536	0	0	0	0	0.79	0	0.54	0	0.523809444444	0	0	0	0	0	0	0	0	0	0.576923111111	0	0	0	0	0	0	0	
hsa:2042	0.746	0.892	0.628	0.632	0.626	0.544	0.562	0.6958333	0	0.588	0.632	0.686	0	0	0.6285714	0	0.6229165	0.614	0.594	0	0	0	0	0.496	0	0	0	0	0.79	0	0.6	0	0.565079333333	0	0	0	0	0.45	0	0	0	0	0.529914555556	0	0	0	0	0	0	0	
hsa:2043	0.716	0.892	0.712	0.568	0.626	0	0.474	0.6375	0	0.556	0.65	0.658	0	0	0.6122449	0	0.6229165	0.624	0.594	0	0	0	0	0.506	0	0	0	0	0.79	0	0.612	0	0.574603111111	0	0	0	0	0	0	0	0	0	0.576923111111	0	0	0	0	0	0	0	
hsa:2044	0.716	0.892	0.712	0.632	0.626	0.544	0.478	0.6958333	0	0.556	0.672	0.658	0	0	0.6285714	0	0.5979165	0.614	0.578	0	0	0	0	0.501	0	0	0	0	0.79	0	0.6	0	0.565079333333	0	0	0	0	0.5111111	0	0	0	0	0.576923111111	0	0	0	0	0	0	0	
hsa:2045	0.606	0.892	0.718	0.632	0.626	0	0.568	0.6958333	0	0.51	0.672	0.602	0	0	0.5448979	0	0.6062499	0.614	0.594	0	0	0	0	0.506	0	0	0	0	0.79	0	0.596	0	0.574603111111	0	0	0	0	0	0	0	0	0	0.555555555556	0	0	0	0	0	0	0	
hsa:2046	0.786	0.67	0.712	0.632	0.596	0	0.45	0.6958333	0	0.604	0.536	0.686	0	0.4571427	0.6285714	0	0.5999999	0.592	0.52	0.45	0	0	0	0	0	0	0	0	0.79	0	0.612	0	0.574603111111	0	0	0	0	0	0	0	0	0	0.576923111111	0	0	0	0	0	0	0	
hsa:2047	0.716	0.892	0.718	0.632	0.626	0	0.578	0.6958333	0	0.556	0.688	0.686	0	0	0.5918367	0	0.6229165	0.624	0.574	0	0	0	0	0.506	0	0	0	0	0.79	0	0.612	0	0.574603111111	0	0	0	0	0	0	0	0	0	0.555555555556	0	0	0	0	0	0	0	
hsa:2048	0.716	0.892	0.712	0.632	0.626	0	0.578	0.6958333	0	0.556	0.672	0.602	0	0	0.5918367	0	0.6229165	0.622	0.594	0	0	0	0	0.506	0	0	0	0	0.79	0	0.612	0	0.574603111111	0	0	0	0	0	0	0	0	0	0.576923111111	0	0	0	0	0	0	0	
hsa:2049	0.716	0.892	0.712	0.632	0.626	0	0.562	0.6958333	0	0.556	0.672	0.686	0	0	0.477551	0	0.6229165	0.614	0.594	0	0	0	0	0.506	0	0	0	0	0.79	0	0.612	0	0.574603111111	0	0	0	0	0	0	0	0	0	0.576923111111	0	0	0	0	0	0	0	
hsa:2050	0.622	0.892	0.712	0.632	0.626	0	0.568	0.6958333	0	0.504	0.672	0.686	0	0	0.5653061	0	0.6229165	0.616	0.574	0	0	0	0	0.506	0	0	0	0	0.79	0	0.604	0	0.574603111111	0.4705882	0	0	0	0	0	0	0	0	0.576923111111	0	0	0	0	0	0	0	
hsa:2051	0.788	0.486	0.486	0	0	0	0	0	0	0.598	0.62	0.646	0	0	0.455102	0	0.5708332	0	0.594	0	0	0	0	0.502	0	0	0	0	0	0	0	0	0	0	0	0	0	0	0	0	0.5333332	0	0	0	0	0	0	0	0	0	
hsa:2058	0	0	0	0	0	0	0	0	0	0	0	0	0	0	0	0	0	0	0	0	0	0	0	0	0	0	0	0	0	0	0	0	0	0.4529411	0	0	0	0	0	0	0	0	0	0	0	0	0	0	0	0	
hsa:2064	0.67	0.886	0.632	0.78	0.596	0.53	0.654	0.6583332	0	0.574	0.61	0	0	0	0	0	0.4541666	0.494	0.506	0	0	0	0	0.596	0	0	0	0	0.79	0	0	0	0	0	0.4888889	0	0	0.5	0	0	0	0	0.675213666667	0	0	0	0	0	0	0	
hsa:2065	0.67	0.786	0.632	0.48	0.496	0.506	0.65	0	0	0.574	0.564	0.496	0	0	0	0	0	0	0.498	0	0	0	0.4555555	0.556	0	0	0	0	0.7	0	0	0	0	0.4941176	0.4888889	0	0	0	0	0	0	0	0.675213666667	0	0	0	0	0	0	0	
hsa:2066	0.672	0.886	0.598	0.78	0.596	0.506	0.65	0.6583332	0	0.572	0.61	0.566	0	0	0	0	0.4541666	0.492	0.518	0	0	0	0	0.596	0	0	0	0	0.79	0	0.486	0	0	0	0.4888889	0	0	0.4833333	0	0	0	0	0.611111111111	0	0	0	0	0	0	0	
hsa:2098	0	0	0	0	0	0	0	0	0	0	0	0	0	0	0	0	0	0	0	0	0	0	0	0	0	0	0	0	0	0	0	0	0	0	0	0	0	0	0	0	0	0	0	0	0	0	0	0	0	0	
hsa:2135	0	0	0	0	0	0	0	0	0	0	0	0	0	0	0	0	0	0	0	0	0	0	0	0	0	0	0	0	0	0	0	0	0	0	0	0	0	0	0	0	0	0	0	0	0	0	0	0	0	0	
hsa:2147	0	0	0	0	0	0	0	0	0.7130434	0	0	0	0	0.7142856	0	0	0	0	0	0	0	0	0	0	0	0	0	0	0	0.549549333333	0	0.4810811	0	0	0	0	0	0	0	0	0	0	0	0	0	0	0	0	0	0	
hsa:2155	0	0	0	0	0	0	0	0	0.6586956	0	0	0	0	0.6085713	0	0	0	0	0	0	0	0	0	0	0	0	0	0	0	0.537537333333	0	0	0	0.5	0	0	0	0	0	0	0	0	0	0	0.4724139	0	0	0	0	0	
hsa:2158	0	0	0	0	0	0	0	0	0.7456521	0	0	0	0	0.6028571	0	0	0	0	0	0	0	0	0	0	0	0	0	0	0	0	0	0	0	0	0	0	0	0	0	0	0	0	0	0	0.5827586	0	0	0	0	0	
hsa:2159	0	0	0	0	0	0	0	0	0.7456521	0	0	0	0	0.5685714	0	0	0	0	0	0	0	0	0	0	0	0	0	0	0	0.549549333333	0	0	0	0	0	0	0	0	0	0	0	0	0	0	0.5068964	0	0	0	0	0	
hsa:216	0	0	0	0	0	0	0	0	0	0	0	0	0	0	0	0	0	0	0	0	0	0	0	0	0	0	0	0	0	0	0	0	0	0	0	0	0	0	0	0	0	0	0	0	0	0	0	0	0	0	
hsa:2160	0	0	0	0	0	0	0	0	0.7130435	0	0	0	0	0.66	0	0	0	0	0	0	0	0	0	0	0	0	0	0	0	0.537537333333	0	0.5378378	0	0.4647058	0	0	0	0	0	0	0	0	0	0	0.5448276	0	0	0	0	0	
hsa:2161	0	0	0	0	0	0	0	0	0.7978261	0	0	0	0	0.7399999	0	0	0	0	0	0	0	0	0	0	0	0	0	0	0	0.519519333333	0	0.5081081	0	0	0	0	0	0	0	0	0	0	0	0	0.5068966	0	0	0	0	0	
hsa:217	0	0	0	0	0	0	0	0	0	0	0	0	0	0	0	0	0	0	0	0	0	0	0	0	0	0	0	0	0	0	0	0	0	0	0	0	0	0	0	0	0	0	0	0	0	0	0	0	0	0	
hsa:218	0	0	0	0	0	0	0	0	0	0	0	0	0	0	0	0	0	0	0	0	0	0	0	0	0	0	0.4611111	0	0	0	0	0	0	0	0	0	0	0	0	0	0	0	0	0	0	0	0	0	0	0	
hsa:2180	0	0	0	0	0	0	0	0	0	0	0	0	0	0	0	0	0	0	0	0	0	0	0.4611111	0	0	0	0	0	0	0	0	0	0	0.4705882	0	0	0	0	0	0	0	0	0	0	0	0	0	0	0	0	
hsa:2185	0.558	0.694	0.638	0.684	0.546	0.512	0.494	0.64375	0	0	0.672	0.494	0	0	0	0	0.5312499	0.504	0.48	0	0	0	0	0.556	0	0	0	0.536	0.675	0	0.492	0	0.501587222222	0	0	0	0	0.4833333	0	0	0	0	0.662393111111	0	0	0	0	0	0	0	
hsa:219	0	0	0	0	0	0	0	0	0	0	0	0	0	0	0	0	0	0	0	0	0	0	0	0	0	0	0	0	0	0	0	0	0	0	0	0	0	0	0	0	0	0	0	0	0	0	0	0	0	0	
hsa:2193	0	0	0	0	0	0	0	0	0	0	0	0	0	0	0	0	0	0	0	0	0	0	0	0	0	0	0	0	0	0	0	0	0	0	0	0	0	0	0	0	0	0	0	0	0	0	0	0	0	0	
hsa:2224	0	0	0	0	0	0	0	0	0	0	0	0	0	0	0	0	0	0	0	0	0	0	0	0	0	0	0	0	0	0	0	0	0	0	0	0	0	0	0	0	0	0	0	0	0	0	0	0	0	0	
hsa:223	0	0	0	0	0	0	0	0	0	0	0	0	0	0	0	0	0	0	0	0	0	0	0	0	0	0	0	0	0	0	0	0	0	0	0	0	0	0	0	0	0	0	0	0	0	0	0	0	0	0	
hsa:2232	0	0	0	0	0	0	0	0	0	0	0	0	0	0	0	0	0	0	0	0	0	0	0	0	0	0	0	0	0	0	0	0	0	0	0	0	0	0	0	0	0	0	0	0	0	0	0	0	0	0	
hsa:2235	0	0	0	0	0	0	0	0	0	0	0	0	0	0	0	0	0	0	0	0	0	0	0	0	0	0	0	0	0	0	0	0	0	0	0	0	0	0.5	0	0	0	0	0	0	0	0	0	0	0	0	
hsa:224	0	0	0	0	0	0	0	0	0	0	0	0	0	0	0	0	0	0	0	0	0	0	0	0	0	0	0	0	0	0	0	0	0	0	0	0	0	0	0	0	0	0	0	0	0	0	0	0	0	0	
hsa:2241	0.818	0.66	0.73	0.626	0.578	0	0.502	0.6437499	0	0.63	0.67	0.65	0	0	0	0	0.4916666	0.53	0.534	0	0	0	0	0.536	0	0	0	0.534	0.795	0	0.484	0	0	0	0	0	0	0	0	0	0	0.4958334	0.576923111111	0	0	0	0	0	0	0	
hsa:2242	0.818	0.868	0.736	0.626	0.578	0	0.536	0.6437499	0	0.63	0.632	0.674	0	0	0	0	0.5479166	0	0.554	0	0	0	0	0.516	0	0	0	0.506	0.795	0	0.472	0	0.479365	0	0	0	0	0	0	0	0	0	0.555555555556	0	0	0	0	0	0	0	
hsa:225689	0.462	0.488	0	0.732	0.678	0	0	0.6208333	0	0.468	0.51	0.622	0.73	0	0	0	0	0	0	0	0	0	0.4611111	0.562	0	0	0	0	0.455	0.573573555556	0	0	0	0	0	0	0	0	0	0	0	0	0	0	0	0	0	0	0	0	
hsa:2260	0.838	0.878	0.734	0.784	0.539	0.542	0.666	0.6499999	0	0.644	0.576	0.596	0	0	0	0	0	0.632	0.606	0	0	0	0	0.59	0	0	0	0.56	0.74	0	0	0	0.463492111111	0	0.4888889	0	0	0	0	0	0	0	0.628205111111	0	0	0	0	0.5103175	0	0	
hsa:2261	0.838	0.878	0.734	0.623	0.534	0.536	0.666	0.6499999	0	0.644	0.576	0.596	0	0	0	0	0	0.638	0.606	0	0	0	0	0.59	0	0	0	0.56	0.74	0	0	0	0.482539666667	0	0.4888889	0	0	0	0	0	0	0	0.628205111111	0	0	0	0	0.515079366667	0	0	
hsa:2263	0.808	0.878	0.734	0.784	0.534	0.542	0.626	0.6499999	0	0.612	0.576	0.596	0	0	0	0	0	0.638	0.606	0	0	0	0	0.59	0	0	0	0.56	0.74	0	0	0	0.463492111111	0	0.4888889	0	0	0	0	0	0	0	0.628205111111	0	0	0	0	0.530158766667	0	0	
hsa:2264	0.818	0.878	0.734	0.626	0.596	0.57	0.632	0.6499999	0	0.63	0.576	0.646	0	0	0	0	0.4874999	0.626	0.606	0	0	0	0	0.59	0	0	0	0.56	0.74	0	0	0	0.526984111111	0.4941176	0	0	0	0	0	0	0	0	0.628205111111	0	0	0	0	0.5388888	0	0	
hsa:2280	0	0	0	0	0	0	0	0	0	0	0	0	0	0	0	0	0	0	0	0	0	0	0	0	0	0	0	0	0	0	0	0	0	0	0	0	0	0	0	0	0	0	0	0	0	0	0	0	0	0	
hsa:22843	0	0	0	0	0	0	0	0	0	0	0	0	0	0	0	0	0	0	0	0	0	0	0	0	0	0	0	0	0	0	0	0	0	0	0	0	0	0	0	0	0	0	0	0	0	0	0	0	0	0	
hsa:22954	0	0.452	0	0	0	0	0	0	0	0	0	0	0	0	0	0	0	0	0	0	0	0	0	0	0	0	0	0	0	0	0	0	0	0	0	0	0	0	0	0	0	0	0	0	0	0	0	0	0	0	
hsa:22978	0	0	0	0	0	0	0	0	0	0	0	0	0	0	0	0	0	0	0	0	0	0	0	0	0	0	0	0	0	0	0	0	0	0	0	0	0	0.45	0	0	0	0	0	0	0	0	0	0	0	0	
hsa:23035	0	0	0	0	0	0	0	0	0	0	0	0	0	0	0	0	0	0	0	0	0	0	0	0	0	0	0	0	0	0	0	0	0	0	0	0	0	0.475	0	0	0	0	0	0	0	0	0	0	0	0	
hsa:23097	0	0.54	0	0.642	0.77	0	0	0.51875	0	0	0	0.488	0.725	0	0	0	0	0	0	0	0	0	0	0.506	0	0	0	0	0.465	0.513513444444	0	0	0	0	0	0	0	0	0	0	0	0	0	0	0	0	0	0	0	0	
hsa:231	0	0	0	0	0	0	0	0.4520833	0	0	0	0	0	0	0	0	0	0	0	0	0	0	0	0	0	0	0	0	0	0	0	0	0	0	0	0	0	0	0	0	0	0	0	0	0	0	0	0	0	0	
hsa:2321	0.788	0.884	0.696	0.796	0.626	0.548	0.592	0.6562499	0	0.61	0.572	0.53	0	0	0	0	0	0.678	0.624	0	0	0	0	0.604	0	0.4611111	0	0.54	0.74	0	0	0	0.476190444444	0	0	0	0	0.5055556	0	0	0	0	0.645299111111	0	0	0	0	0.493650833333	0	0	
hsa:2322	0.768	0.886	0.714	0.796	0.596	0.516	0.61	0.6562499	0	0.596	0.58	0.59	0	0	0	0	0	0.636	0.594	0	0	0	0	0.614	0	0	0.45	0	0.79	0	0	0	0	0	0	0	0	0	0	0	0	0	0.688034111111	0	0	0	0.4578947	0.4666667	0	0	
hsa:23236	0	0	0	0	0	0	0	0	0	0	0	0	0	0	0	0	0	0	0	0.45	0	0	0	0	0	0	0	0	0	0	0	0	0	0	0	0	0	0	0	0	0	0	0	0	0	0	0	0	0.4923077	0	
hsa:23239	0	0	0	0	0	0	0	0	0	0	0	0	0	0	0	0	0	0	0	0	0	0	0	0	0	0	0	0	0	0	0	0	0	0.4705882	0	0	0	0	0	0	0	0	0	0	0	0	0	0	0	0	
hsa:2324	0.838	0.884	0.696	0.796	0.626	0	0.608	0.6562499	0	0.644	0.57	0.53	0	0	0	0	0	0.678	0.612	0	0	0	0	0.598	0	0	0	0.514	0.74	0	0	0	0	0	0.4888889	0	0	0	0	0	0	0	0.645299111111	0	0	0	0	0.4714286	0	0	
hsa:2326	0	0	0	0	0	0	0	0	0	0	0	0	0	0	0	0	0	0	0	0	0	0	0	0	0	0	0	0	0	0	0	0	0	0	0	0	0	0	0	0	0	0	0	0	0	0	0	0	0	0	
hsa:2328	0	0	0	0	0	0	0	0	0	0	0	0	0	0	0	0	0	0	0	0	0	0	0	0	0	0	0	0	0	0	0	0	0	0	0	0	0	0	0	0	0	0	0	0	0	0	0	0	0	0	
hsa:2339	0	0	0	0	0	0	0	0	0	0	0	0	0	0	0	0	0	0	0	0	0	0	0	0	0	0	0	0	0	0	0	0	0	0	0	0	0	0	0	0	0	0	0	0	0	0	0	0	0	0	
hsa:2342	0	0	0	0	0	0	0	0	0	0	0	0	0	0	0	0	0	0	0	0	0	0	0	0	0	0	0	0	0	0	0	0	0	0	0	0	0	0.45	0	0	0	0	0	0	0	0	0	0	0	0	
hsa:23430	0	0	0	0	0	0	0	0	0.7978261	0	0	0	0	0.7599999	0	0	0	0	0	0	0	0	0	0	0	0	0	0	0	0	0	0.5864865	0	0	0	0	0	0	0	0	0	0	0	0	0	0	0	0	0	0	
hsa:23436	0	0	0	0	0	0	0	0	0.7130435	0	0	0	0	0.6142856	0	0	0	0	0	0	0	0	0	0	0	0	0	0	0	0	0	0.5027026	0	0	0	0	0	0	0	0	0	0	0	0	0.5620689	0	0	0	0	0	
hsa:23475	0	0	0	0	0	0	0	0	0	0	0	0	0	0	0	0	0	0	0	0	0	0	0	0	0	0	0	0	0	0	0	0	0	0	0	0	0	0	0	0	0	0	0	0	0	0	0	0	0	0	
hsa:2356	0	0	0	0	0	0	0	0	0	0	0	0	0	0	0	0	0	0	0	0	0	0	0	0	0	0	0	0	0	0	0	0	0	0	0	0	0	0	0	0	0	0	0	0	0	0	0	0	0	0	
hsa:23632	0	0	0	0	0	0	0	0	0	0	0	0	0	0	0	0	0	0	0	0	0	0	0	0	0	0	0	0	0	0	0	0	0	0	0	0	0	0	0	0	0	0	0	0	0	0	0	0	0	0	
hsa:238	0.746	0.768	0.606	0.688	0.512	0.496	0.45	0.5958333	0	0.592	0.672	0.516	0	0	0	0	0.5020832	0.51	0.598	0	0	0	0	0.564	0	0	0	0.504	0.735	0	0.474	0	0.460317444444	0.4823529	0	0	0	0	0	0	0	0	0.615384555556	0	0	0	0	0	0	0	
hsa:239	0	0	0	0	0	0	0	0	0	0	0	0	0	0	0	0	0	0	0	0	0	0	0	0	0	0	0	0	0	0	0	0	0	0	0	0	0	0	0	0	0	0	0	0	0	0	0.5368421	0	0	0	
hsa:240	0	0	0	0	0	0	0	0	0	0	0	0	0	0	0	0	0	0	0	0	0	0	0	0	0	0	0	0	0	0	0	0	0	0	0	0	0	0	0	0	0	0	0	0	0	0	0	0	0	0	
hsa:242	0	0	0	0	0	0	0	0	0	0	0	0	0	0	0	0	0	0	0	0	0	0	0	0	0	0	0	0	0	0	0	0	0	0	0	0	0	0	0	0	0	0	0	0	0	0	0	0	0	0	
hsa:246	0	0	0	0	0	0	0	0	0	0	0	0	0	0	0	0	0	0	0	0	0	0	0	0	0	0	0	0	0	0	0	0	0	0	0	0	0	0	0	0	0	0	0	0	0	0	0	0	0	0	
hsa:247	0	0	0	0	0	0	0	0	0	0	0	0	0	0	0	0	0	0	0	0	0	0	0	0	0	0	0	0	0	0	0	0	0	0	0	0	0.5222222	0.5	0	0	0	0	0	0	0	0	0	0	0	0	
hsa:25	0.754	0.868	0.71	0.71	0.578	0.528	0.49	0.6833333	0	0.582	0.576	0.62	0	0	0.5285714	0	0.5437498	0.632	0.55	0	0	0	0	0.524	0	0	0	0.552	0.795	0	0.566	0	0.511111111111	0	0	0	0	0	0	0	0	0	0.636752111111	0	0	0	0	0	0	0	
hsa:2534	0.722	0.586	0.7	0.788	0.652	0	0.574	0.6749999	0	0.588	0.654	0	0	0	0.5755102	0	0.5791665	0.632	0.462	0	0	0	0	0.534	0	0	0	0.556	0.48	0	0.558	0	0.530158666667	0	0	0	0	0	0	0	0	0	0.576923111111	0	0	0	0	0	0	0	
hsa:2548	0.45	0	0	0	0	0	0	0	0	0	0	0	0	0	0	0	0	0	0	0	0	0	0.4555555	0	0	0	0	0	0	0	0	0	0	0.4647058	0	0	0	0.4888889	0	0	0	0	0	0	0	0	0	0	0	0	
hsa:25796	0	0	0	0	0	0	0	0	0.4978261	0	0	0	0	0	0	0	0	0	0	0	0	0	0	0	0	0	0	0	0	0	0	0	0	0.4705882	0	0	0	0	0	0	0	0	0	0	0	0	0.4631577	0	0	0	
hsa:2582	0	0	0	0	0	0	0	0	0	0	0	0	0	0	0	0	0	0	0	0	0	0	0	0	0.4818181	0	0	0	0	0	0	0	0	0	0	0	0	0	0	0	0	0	0	0	0	0	0	0	0	0	
hsa:25824	0	0	0	0	0	0	0	0	0	0	0	0	0	0	0	0	0	0	0	0	0	0	0	0	0	0	0	0	0	0	0	0	0	0	0	0	0	0	0	0	0	0	0	0	0	0	0	0	0	0	
hsa:2595	0	0	0	0	0	0	0	0	0	0	0	0	0	0	0	0	0	0	0	0.45	0	0	0	0	0	0	0	0	0	0	0	0	0	0	0	0	0	0	0	0	0	0	0	0	0	0	0	0	0	0	
hsa:2597	0	0	0	0	0	0	0	0	0	0	0	0	0	0	0	0	0	0	0	0	0	0	0	0	0	0	0	0	0	0	0	0	0	0	0	0	0	0	0	0	0	0	0	0	0	0	0	0	0	0	
hsa:260293	0	0	0	0	0	0	0	0	0	0	0	0	0	0	0	0.6234043	0	0	0	0	0	0	0	0	0	0	0	0	0	0	0	0	0	0	0	0	0	0.4888889	0	0	0	0	0	0	0	0.495	0	0	0	0.4809524	
hsa:26279	0	0	0	0	0	0	0	0	0	0	0	0	0	0	0	0	0	0	0	0	0	0	0	0	0	0	0	0	0	0	0	0	0	0	0	0	0	0	0	0	0	0	0	0	0	0	0	0	0	0	
hsa:2638	0	0	0	0	0	0	0	0	0	0	0	0	0	0	0	0	0	0	0	0	0	0	0	0	0	0	0	0	0	0	0	0	0	0	0	0	0	0	0	0	0	0	0	0	0	0	0	0	0	0	
hsa:2639	0	0	0	0	0	0	0	0	0	0	0	0	0	0	0	0	0	0	0	0	0	0	0	0	0	0	0	0	0	0	0	0	0	0	0	0	0	0	0	0	0	0	0	0	0	0	0	0	0	0	
hsa:2673	0	0	0	0	0	0	0	0	0	0	0	0	0	0	0	0	0	0	0	0	0	0	0	0	0	0	0	0	0	0	0	0	0	0	0	0	0	0	0	0	0	0	0	0	0	0	0	0	0	0	
hsa:2677	0	0	0	0	0	0	0	0	0	0	0	0	0	0	0	0	0	0	0	0	0	0	0	0	0	0	0	0	0	0	0	0	0	0	0	0	0	0	0	0	0	0	0	0	0	0	0	0	0	0	
hsa:270	0	0	0	0	0	0	0	0	0	0	0	0	0	0	0	0	0	0	0	0	0	0	0	0	0	0	0	0	0	0	0	0	0	0	0	0	0	0.4888889	0	0	0	0	0	0	0	0	0	0	0	0	
hsa:27032	0	0	0	0	0	0	0	0	0	0	0.486	0	0	0	0	0	0	0	0	0	0	0	0	0	0	0	0	0	0	0	0	0	0	0	0	0	0	0	0	0	0	0	0	0	0	0	0	0	0	0	
hsa:27034	0	0.452	0	0	0	0	0	0	0	0	0	0	0	0	0	0	0	0	0	0	0	0	0	0	0	0	0	0	0	0	0	0	0	0	0	0	0	0	0	0	0	0	0	0	0	0	0	0	0	0	
hsa:27115	0	0	0	0	0	0	0	0	0	0	0	0	0	0	0	0	0	0	0	0	0	0	0	0	0	0	0	0	0	0	0	0	0	0	0	0	0	0	0	0.665	0	0	0	0.7111111	0	0	0	0	0	0	
hsa:2746	0	0	0	0	0	0	0	0	0	0	0	0	0	0	0	0	0	0	0	0	0	0.4851851	0	0	0	0	0	0	0	0	0	0	0	0	0	0	0	0	0	0	0	0	0	0	0	0	0	0	0	0	
hsa:2766	0	0	0	0	0	0	0	0	0	0	0	0	0	0	0	0	0	0	0	0	0	0	0	0	0	0	0	0	0	0	0	0	0	0	0	0	0	0	0	0	0	0	0	0	0	0	0	0	0	0	
hsa:279	0	0	0	0	0	0	0	0	0	0	0	0	0	0	0	0	0	0	0	0	0	0	0	0	0	0	0	0	0	0	0	0	0	0	0	0	0	0	0	0	0	0	0	0	0	0	0	0	0	0	
hsa:28	0	0	0	0	0	0	0	0	0	0	0	0	0	0	0	0	0	0	0	0	0	0	0	0	0	0	0	0	0	0	0	0	0	0	0	0	0	0	0	0	0	0	0	0	0	0	0	0	0	0	
hsa:2806	0	0	0	0	0	0	0	0	0	0	0	0	0	0	0	0	0	0	0	0	0	0	0	0	0	0	0	0	0	0	0	0	0	0	0	0	0	0	0	0	0	0	0	0	0	0	0	0	0	0	
hsa:2822	0	0	0	0	0	0	0	0	0	0	0	0	0	0	0	0	0	0	0	0	0	0	0.5	0	0	0	0	0	0	0	0	0	0	0	0	0	0	0	0	0	0	0	0	0	0	0	0	0	0	0	
hsa:28227	0	0	0	0	0	0	0	0	0.5804347	0	0	0	0	0	0	0	0	0	0	0	0	0	0	0	0	0	0	0	0	0	0	0	0	0	0	0	0	0.45	0	0	0	0	0	0	0	0	0	0	0	0	
hsa:284541	0	0	0	0	0	0	0	0	0	0	0	0	0	0	0	0.5978724	0	0	0	0	0	0	0	0	0	0	0	0	0	0	0	0	0	0	0	0	0	0	0	0	0	0	0	0	0	0	0	0	0	0.5571429	
hsa:285220	0	0.892	0	0.632	0.626	0	0.562	0.6958333	0	0	0.672	0.686	0	0	0.5653061	0	0	0.604	0	0	0	0	0	0.506	0	0	0	0	0.79	0	0.604	0	0	0	0	0	0	0	0	0	0	0	0	0	0	0	0	0	0	0	
hsa:2876	0	0	0	0	0	0	0	0	0	0	0	0	0	0	0	0	0	0	0	0	0	0	0	0	0	0	0	0	0	0	0	0	0	0.4705882	0	0	0	0	0	0	0	0	0	0	0	0	0	0	0	0	
hsa:2877	0	0	0	0	0	0	0	0	0	0	0	0	0	0	0	0	0	0	0	0	0	0	0	0	0	0	0	0	0	0	0	0	0	0	0	0	0	0	0	0	0	0	0	0	0	0	0	0	0	0	
hsa:2878	0	0	0	0	0	0	0	0	0	0	0	0	0	0	0	0	0	0	0	0	0	0	0	0	0	0	0	0	0	0	0	0	0	0	0	0	0	0	0	0	0	0	0	0	0	0	0	0	0	0	
hsa:2879	0	0	0	0	0	0	0	0	0	0	0	0	0	0	0	0	0	0	0	0	0	0	0	0	0	0	0	0	0	0	0	0	0	0	0	0	0	0	0	0	0	0	0	0	0	0	0	0	0	0	
hsa:2880	0	0	0	0	0	0	0	0	0	0	0	0	0	0	0	0	0	0	0	0	0	0	0	0	0	0	0	0	0	0	0	0	0	0	0	0	0	0	0	0	0	0	0	0	0	0	0	0	0	0	
hsa:2882	0	0	0	0	0	0	0	0	0	0	0	0	0	0	0	0	0	0	0	0	0	0	0	0	0	0	0	0	0	0	0	0	0	0	0	0	0	0	0	0	0	0	0	0	0	0	0	0	0	0	
hsa:28972	0	0	0	0	0	0	0	0	0	0	0	0	0	0	0	0	0	0	0	0	0	0	0	0	0	0	0	0	0	0	0	0	0	0	0	0	0	0	0	0	0	0	0	0	0	0	0	0	0	0	
hsa:2936	0	0	0	0	0	0	0	0	0	0	0	0	0	0	0	0	0	0	0	0	0	0	0	0	0	0	0	0	0	0	0	0	0	0.4999999	0	0	0	0	0	0	0	0	0	0	0	0	0	0	0	0	
hsa:2950	0	0	0	0	0	0	0	0	0	0	0	0	0	0	0	0	0	0	0	0	0	0	0	0	0	0	0	0	0	0	0	0	0	0	0	0	0	0	0	0	0	0	0	0	0	0	0	0	0	0	
hsa:29785	0	0	0	0	0	0	0	0	0	0	0	0	0	0	0	0.6106384	0	0	0	0	0	0	0	0	0	0	0	0	0	0	0	0	0	0.4705882	0	0	0	0	0	0	0	0	0	0	0	0.62	0	0	0	0.6190478	
hsa:29920	0	0	0	0	0	0	0	0	0	0	0	0	0	0	0	0	0	0	0	0	0	0	0	0	0	0	0	0	0	0	0	0	0	0	0	0	0	0	0	0	0	0.5458332	0	0	0	0	0	0	0	0	
hsa:29941	0.488	0	0	0.616	0.56	0	0	0.5874999	0	0	0.556	0	0	0	0	0	0	0	0	0	0	0	0	0.576	0	0	0	0	0	0	0	0	0	0	0	0	0	0	0	0	0	0	0	0	0	0	0	0	0	0	
hsa:29968	0	0	0	0	0	0	0	0	0	0	0	0	0	0	0	0	0	0	0	0	0	0	0	0	0	0	0	0	0	0	0	0	0	0	0	0	0	0.45	0	0	0	0	0	0	0	0	0	0	0	0	
hsa:30	0	0	0	0	0	0	0	0	0	0	0	0	0	0	0	0	0	0	0	0	0	0	0	0	0	0	0	0	0	0	0	0	0	0	0	0	0	0	0	0	0	0.4541667	0	0	0	0	0	0	0	0	
hsa:3001	0	0	0	0	0	0	0	0	0.6456522	0	0	0	0	0.7142856	0	0	0	0	0	0	0	0	0	0	0	0	0	0	0	0	0	0.5783784	0	0	0	0	0	0	0	0	0	0	0	0	0	0	0	0	0	0	
hsa:3002	0	0	0	0	0	0	0	0	0.7130435	0	0	0	0	0.6514285	0	0	0	0	0	0	0	0	0	0	0	0	0	0	0	0	0	0.5675676	0	0	0	0	0	0	0	0	0	0	0	0	0.5275861	0	0	0	0	0	
hsa:3028	0	0.486	0	0	0	0	0	0	0	0	0.462	0	0	0	0	0	0	0	0	0	0	0	0	0	0	0	0	0	0	0	0	0	0	0	0	0	0	0	0	0	0	0	0	0	0	0	0	0	0	0	
hsa:3033	0	0	0	0	0	0	0	0	0	0	0	0	0	0	0	0	0	0	0	0	0	0	0	0	0	0	0	0	0	0	0	0	0	0	0	0	0	0	0	0	0	0	0	0	0	0	0	0	0	0	
hsa:3034	0	0	0	0	0	0	0	0	0	0	0	0	0	0	0	0	0	0	0	0	0	0	0	0	0	0	0	0	0	0	0	0	0	0	0	0	0	0	0	0	0	0	0	0	0	0	0	0	0	0	
hsa:3035	0	0	0	0	0	0	0	0	0	0	0	0	0	0	0	0	0	0	0	0	0	0	0	0	0	0	0	0	0	0	0	0	0	0	0	0	0	0	0	0	0	0	0	0	0	0	0	0	0	0	
hsa:3055	0.722	0.684	0.744	0.788	0.65	0.544	0.53	0.6749999	0	0.584	0.676	0	0	0	0.5489796	0	0.5999999	0.566	0.556	0	0	0	0	0.544	0	0	0	0.546	0.54	0	0.542	0	0	0	0	0	0	0	0	0	0	0	0.576923111111	0	0	0	0	0	0	0	
hsa:306	0	0	0	0	0	0	0	0	0	0	0	0	0	0	0	0	0	0	0	0	0	0	0	0	0	0	0	0	0	0	0	0	0	0	0	0	0	0	0	0	0	0	0	0	0	0	0	0	0	0	
hsa:3067	0	0	0	0	0	0	0	0	0	0	0	0	0	0	0	0	0	0	0	0	0	0	0	0	0	0	0	0	0	0	0	0	0	0	0	0	0	0	0	0	0	0	0	0	0	0	0	0	0	0	
hsa:30814	0	0	0	0	0	0	0	0	0	0	0	0	0	0	0	0	0	0	0	0	0	0	0	0	0	0	0	0	0	0	0	0	0	0	0	0	0	0	0	0	0	0	0	0	0	0	0	0	0	0	
hsa:30833	0	0	0	0	0	0	0	0	0	0	0	0	0	0	0	0	0	0	0	0	0	0	0	0	0	0	0	0	0	0	0	0	0	0	0	0	0	0	0	0	0	0	0	0	0	0	0	0	0	0	
hsa:31	0	0	0	0	0	0	0	0	0	0	0	0	0	0	0	0	0	0	0	0	0	0	0.5055556	0	0	0	0	0	0	0	0	0	0	0.4705882	0	0	0	0	0	0	0	0	0	0	0	0	0	0	0	0	
hsa:313	0	0	0	0	0	0	0	0	0	0	0	0.458	0	0	0	0	0	0	0	0	0	0	0	0	0	0	0	0	0	0	0	0	0	0	0	0	0	0	0	0	0	0	0	0	0	0	0	0	0	0	
hsa:3141	0	0	0	0	0	0	0	0	0	0	0	0	0	0	0	0	0	0	0	0	0	0	0	0	0	0	0	0	0	0	0	0	0	0	0	0	0	0	0	0	0	0	0	0	0	0	0	0	0	0	
hsa:3156	0	0	0	0	0	0	0.48	0	0	0	0	0	0	0	0	0	0	0	0	0	0	0	0	0	0	0	0	0	0	0	0	0	0	0	0	0	0	0	0	0	0	0	0	0	0	0	0	0	0	0	
hsa:32	0	0	0	0	0	0	0	0	0	0	0	0	0	0	0	0	0	0	0	0	0	0	0	0	0	0	0	0	0	0	0	0	0	0.4764705	0	0	0	0	0	0	0	0	0	0	0	0	0.4947369	0	0	0	
hsa:326625	0	0	0	0	0	0	0	0	0	0	0	0	0	0	0	0	0	0	0	0	0	0	0	0	0	0	0	0	0	0	0	0	0	0	0	0	0	0.4833333	0	0	0	0	0	0	0	0	0	0	0	0	
hsa:327	0	0	0	0	0	0	0	0	0	0	0	0	0	0	0	0	0	0	0	0	0	0	0	0	0	0	0	0	0	0	0	0	0	0	0	0	0	0	0	0	0	0	0	0	0	0	0	0	0	0	
hsa:3283	0	0	0	0	0	0	0	0	0	0	0	0	0	0	0	0	0	0	0	0	0	0	0	0	0	0	0	0	0	0	0	0.5027027	0	0	0	0	0	0.5833333	0	0	0	0	0	0	0	0	0	0	0	0	
hsa:3290	0	0	0	0	0	0	0	0	0	0	0	0	0	0	0	0	0	0	0	0	0	0	0	0	0	0	0	0	0	0	0	0	0	0.4705882	0	0	0	0	0	0	0	0	0	0	0	0	0.4842105	0	0	0	
hsa:3291	0	0	0	0	0	0	0	0	0	0	0	0	0	0	0	0	0	0	0	0	0	0	0	0	0	0	0	0	0	0	0	0	0	0	0	0	0	0	0	0	0	0	0	0	0	0	0	0	0	0	
hsa:3292	0	0	0	0	0	0	0	0	0	0	0	0	0	0	0	0	0	0	0	0	0	0	0	0	0	0	0	0	0	0	0	0	0	0	0	0	0	0	0	0	0	0	0	0	0	0	0	0	0	0	
hsa:3295	0	0	0	0.466	0	0	0	0	0	0	0	0	0	0	0	0	0	0	0	0	0	0	0	0	0	0	0	0	0	0	0	0	0	0	0	0	0	0	0	0	0	0	0	0	0	0	0.4842105	0	0	0	
hsa:3376	0	0	0	0	0	0	0	0	0	0	0	0	0	0	0	0	0	0	0	0	0	0	0	0	0	0	0	0	0	0	0	0	0	0	0	0	0	0	0	0	0	0	0	0	0	0	0	0	0	0	
hsa:339221	0	0	0	0	0	0	0	0	0	0	0	0	0	0	0	0	0	0	0	0	0	0	0	0	0	0	0	0	0	0	0	0	0	0	0	0	0	0	0	0	0	0	0	0	0	0	0	0	0	0	
hsa:34	0	0	0	0	0	0	0	0	0	0	0	0	0	0	0	0	0	0	0	0	0	0	0	0	0	0	0.45	0	0	0	0	0	0	0	0	0	0	0	0	0	0	0	0	0	0	0	0	0	0	0	
hsa:3416	0	0	0	0	0	0	0	0	0	0	0	0	0	0	0	0	0	0	0	0	0	0	0	0	0	0	0	0	0	0	0	0	0	0	0	0	0	0	0	0	0	0	0	0	0	0	0	0	0	0	
hsa:3480	0.816	0.876	0.598	0.672	0.504	0	0.554	0.5875	0	0.636	0.604	0	0	0	0	0	0	0.46	0.468	0	0	0	0	0.544	0	0.4722222	0	0.516	0.845	0	0.584	0	0.514285666667	0	0	0	0	0	0	0	0	0	0.641025555556	0	0	0	0	0	0	0	
hsa:349565	0	0	0	0	0	0	0	0	0	0	0	0	0	0	0	0	0	0	0	0	0	0	0	0	0	0	0	0	0	0	0	0	0	0	0	0	0	0.4611111	0	0	0	0	0	0	0	0	0	0	0	0	
hsa:35	0	0	0	0	0	0	0	0	0	0	0	0	0	0	0	0	0	0	0	0	0	0	0	0	0	0	0	0	0	0	0	0	0	0	0	0	0	0.4833333	0	0	0	0	0	0	0	0	0	0	0	0	
hsa:353	0	0	0	0	0	0	0	0	0	0	0	0	0	0	0	0	0	0	0	0	0	0	0	0	0	0	0	0	0	0	0	0	0	0.4705882	0	0	0	0	0	0	0	0	0	0	0	0	0	0	0	0	
hsa:354	0	0	0	0	0	0	0	0	0.7673913	0	0	0	0	0.7599999	0	0	0	0	0	0	0	0	0	0	0	0	0	0	0	0	0	0.5567567	0	0	0	0	0	0	0	0	0	0	0	0	0.5379309	0	0	0	0	0	
hsa:3551	0.524	0.586	0	0	0.69	0	0	0	0	0	0.548	0	0.6125	0	0	0	0	0	0	0	0	0	0	0.54	0	0	0	0	0.48	0	0	0	0	0	0	0	0	0	0	0	0	0	0	0	0	0	0	0	0	0	
hsa:36	0	0	0	0	0	0	0	0	0	0	0	0	0	0	0	0	0	0	0	0	0	0	0	0	0	0	0	0	0	0	0	0	0	0	0	0	0	0	0	0	0	0	0	0	0	0	0	0	0	0	
hsa:3612	0	0	0	0	0	0	0	0	0	0	0	0	0	0	0	0	0	0	0	0	0	0	0	0	0	0	0	0	0	0	0	0	0	0	0	0	0	0	0	0	0	0	0	0	0	0	0	0	0	0	
hsa:3614	0	0	0	0	0	0	0	0	0	0	0	0	0	0	0	0	0	0	0	0	0	0	0	0	0	0	0	0	0	0	0	0	0	0	0	0	0	0	0	0	0	0	0	0	0	0	0.5	0	0	0	
hsa:3615	0	0	0	0	0	0	0	0	0	0	0	0	0	0	0	0	0	0	0	0	0	0	0	0	0	0	0	0	0	0	0	0	0	0	0	0	0	0	0	0	0	0	0	0	0	0	0.4947368	0	0	0	
hsa:3643	0.724	0.876	0.682	0.672	0.504	0	0.554	0.5875	0	0.584	0.604	0	0	0	0	0	0	0.472	0.484	0	0	0	0	0.544	0	0	0	0.524	0.845	0	0.584	0	0.469841333333	0	0	0	0	0	0	0	0	0	0.688034111111	0	0	0	0	0	0	0	
hsa:3645	0.816	0.876	0.682	0.672	0.504	0	0.586	0.5875	0	0.636	0.604	0	0	0	0	0	0	0	0.478	0	0	0	0.4944444	0.544	0	0	0	0.472	0.845	0	0.588	0	0.501587111111	0	0	0	0	0	0	0	0	0	0.688034111111	0	0	0	0	0	0	0	
hsa:3702	0.808	0.868	0.516	0.554	0.578	0.48	0.49	0.58125	0	0.612	0.566	0.468	0	0	0	0	0	0.518	0.546	0	0	0	0	0.52	0	0	0	0.52	0.795	0	0.476	0	0.463492111111	0	0	0	0	0	0	0	0	0	0.517094	0	0	0	0	0	0	0	
hsa:3712	0	0	0	0	0	0	0	0	0	0	0	0	0	0	0	0	0	0	0	0	0	0.4703704	0	0	0	0	0	0	0	0	0	0	0	0	0	0	0	0	0	0	0	0	0	0	0	0	0	0	0	0	
hsa:3716	0.659	0.886	0.572	0.64	0.596	0.588	0.544	0.59375	0	0.593	0.576	0.48	0	0	0	0	0.5666666	0.564	0	0	0	0	0	0.588	0.5272726	0	0	0.474	0.79	0	0	0	0.514285777778	0	0	0	0	0	0	0	0	0	0.521367444444	0	0	0	0.4894737	0	0	0	
hsa:3717	0.677	0.644	0.6	0.64	0.61	0.532	0.576	0.59375	0	0.585	0.568	0.474	0	0	0	0	0.5666665	0.462	0	0	0	0	0	0.56	0	0	0	0.488	0.715	0	0	0	0	0	0	0	0	0	0	0	0	0	0.606837555556	0	0	0	0	0	0	0	
hsa:3718	0.599	0.892	0.532	0.728	0.626	0.466	0.576	0.6291666	0	0.598	0.568	0	0	0	0	0	0.5395833	0	0	0	0	0	0	0.56	0	0	0	0.491	0.79	0	0	0	0.514285666667	0.4647058	0.4888889	0	0	0.45	0	0	0	0	0.606837555556	0	0	0	0	0	0	0	
hsa:3735	0	0	0	0	0	0	0	0	0	0	0	0	0	0	0	0	0	0	0	0	0	0	0	0	0	0	0	0	0	0	0	0	0	0	0	0	0	0	0	0	0	0	0	0	0	0	0	0	0	0	
hsa:377677	0	0	0	0	0	0	0	0	0	0	0	0	0	0	0	0	0	0	0	0	0	0	0	0	0	0	0	0	0	0	0	0	0	0	0	0	0	0	0	0	0	0	0	0	0	0	0	0	0	0	
hsa:3791	0.838	0.884	0.662	0.796	0.626	0.51	0.614	0.6562499	0	0.644	0.572	0.53	0	0	0	0	0	0.678	0.612	0	0	0	0	0.606	0	0	0	0.568	0.74	0	0	0	0.457142888889	0	0.4888889	0	0	0	0	0	0	0	0.572649555556	0	0	0	0	0.526190433333	0	0	
hsa:38	0	0	0	0	0	0	0	0	0	0	0	0	0	0	0	0	0	0	0	0	0	0	0	0	0	0	0	0	0	0	0	0	0	0	0	0	0	0	0	0	0	0	0	0	0	0	0	0	0	0	
hsa:3815	0.71	0.884	0.728	0.748	0.626	0.512	0.606	0.6249999	0	0.578	0.594	0.586	0	0	0	0	0	0.622	0.556	0	0	0	0	0.604	0	0	0	0.522	0.74	0	0	0	0	0.5	0	0	0	0	0	0	0	0	0.688034111111	0	0	0	0.4526316	0	0	0	
hsa:3816	0	0	0	0	0	0	0	0	0.7043478	0	0	0	0	0.7314285	0	0	0	0	0	0	0	0	0	0	0	0	0	0	0	0	0	0.5378378	0	0	0	0	0	0	0	0	0	0	0	0	0.4724138	0	0	0	0	0	
hsa:3817	0	0	0	0	0	0	0	0	0.7673913	0	0	0	0	0.7599999	0	0	0	0	0	0	0	0	0	0	0	0	0	0	0	0	0	0.5567567	0	0	0	0	0	0	0	0	0	0	0	0	0.5379309	0	0	0	0	0	
hsa:3818	0	0	0	0	0	0	0	0	0.7782609	0	0	0	0	0.7285713	0	0	0	0	0	0	0	0	0	0	0	0	0	0	0	0.537537333333	0	0.5405405	0	0	0	0	0	0	0	0	0	0	0	0	0.5551724	0	0	0	0	0	
hsa:3906	0	0	0	0	0	0	0	0	0	0	0	0	0	0	0	0	0	0	0	0	0	0	0	0	0	0	0	0	0	0	0	0	0	0	0	0	0	0	0	0	0	0	0	0	0	0	0	0	0	0	
hsa:3932	0.722	0.684	0.744	0.788	0.65	0.578	0.53	0.6749999	0	0.588	0.676	0	0	0	0.6326531	0	0.5354165	0.596	0.518	0	0	0	0	0.536	0	0	0	0.542	0.54	0	0.522	0	0.539682555556	0	0	0	0	0	0	0	0	0	0.576923111111	0	0	0	0	0	0	0	
hsa:3939	0	0	0	0	0	0	0	0	0	0	0	0	0	0	0	0	0	0	0	0	0	0	0	0	0	0	0	0	0	0	0	0	0	0	0	0	0	0	0	0	0	0	0	0	0	0	0	0	0	0	
hsa:3945	0	0	0	0	0	0	0	0	0	0	0	0	0	0	0	0	0	0	0	0	0	0	0	0	0	0	0	0	0	0	0	0	0	0	0	0	0	0	0	0	0	0	0	0	0	0	0	0	0	0	
hsa:3988	0	0	0	0	0	0	0	0	0	0	0	0	0	0	0	0	0	0	0	0	0	0	0	0	0	0	0	0	0	0	0	0	0	0	0	0	0	0	0	0	0	0	0	0	0	0	0	0	0	0	
hsa:3990	0	0	0	0	0	0	0	0	0	0	0	0	0	0	0	0	0	0	0	0	0	0	0	0	0	0	0	0	0	0	0	0	0	0.4647058	0	0	0	0	0	0	0	0	0	0	0	0	0	0	0	0	
hsa:3991	0	0	0	0	0	0	0.464	0	0	0	0.45	0	0	0	0	0	0	0	0	0.5	0	0	0	0	0	0	0	0	0	0	0	0	0	0.4764705	0	0	0	0	0	0	0	0	0	0	0	0	0	0	0	0	
hsa:4017	0	0	0	0	0	0	0	0	0	0	0	0	0	0	0	0	0	0	0	0	0	0	0	0	0	0	0	0	0	0	0	0	0	0	0.4555558	0	0	0	0	0	0	0	0	0	0	0	0	0	0	0	
hsa:4023	0	0	0	0	0	0	0	0	0	0	0	0	0	0	0	0	0	0	0	0	0	0	0	0	0	0	0	0	0	0	0	0	0	0	0	0	0	0	0	0	0	0	0	0	0	0	0	0	0	0	
hsa:4025	0	0.498	0	0	0	0	0	0	0	0	0	0	0	0	0	0	0	0	0	0	0	0	0	0	0	0	0	0	0	0	0	0	0	0	0	0	0	0	0	0	0	0	0	0	0	0	0	0	0	0	
hsa:4048	0	0	0	0	0	0	0	0	0	0	0	0	0	0	0	0	0	0	0	0	0	0	0	0	0	0	0	0	0	0	0	0	0	0	0	0	0	0.4777778	0	0	0	0	0	0	0	0	0	0	0	0	
hsa:4051	0	0	0	0	0	0	0	0	0	0	0	0	0	0	0	0.6361702	0	0	0	0	0.4888888	0	0	0	0	0	0	0	0	0	0	0	0	0	0	0	0	0	0	0	0	0	0	0	0	0	0	0	0	0.4809525	
hsa:4058	0.744	0.768	0.606	0.688	0.512	0.496	0	0.5958333	0	0.592	0.672	0	0	0	0	0	0.4979165	0.494	0.598	0	0	0	0	0.564	0	0	0	0.508	0.735	0	0.474	0	0.460317444444	0.48823525	0	0	0	0	0	0	0	0	0.615384555556	0	0	0	0	0	0	0	
hsa:4067	0.726	0.678	0.744	0.788	0.62	0.542	0.588	0.6749999	0	0.592	0.676	0	0	0	0.5693878	0	0.5062499	0.648	0.562	0	0	0	0	0.536	0	0	0	0.456	0.54	0	0.528	0	0.460317444444	0	0	0	0	0	0	0	0	0	0.576923111111	0	0	0	0	0	0	0	
hsa:4128	0	0	0	0	0	0	0	0	0	0	0	0	0	0	0	0	0	0	0	0	0	0	0	0	0	0	0	0	0	0	0	0	0	0	0	0	0	0	0	0	0	0	0	0	0	0	0	0	0	0	
hsa:4129	0	0	0	0	0	0	0	0	0	0	0	0	0	0	0	0	0	0	0	0	0	0	0	0	0	0	0	0	0	0	0	0	0	0	0	0	0	0	0	0	0	0	0	0	0	0	0	0	0	0	
hsa:4143	0	0	0	0	0	0	0	0	0	0	0	0	0	0	0	0	0	0	0	0	0	0	0	0	0	0	0	0	0	0	0	0	0	0	0	0	0	0	0	0	0	0	0	0	0	0	0	0	0	0	
hsa:4145	0.838	0.892	0.736	0.576	0.626	0	0.578	0.625	0	0.644	0.588	0.592	0	0	0	0	0.5499998	0.474	0.576	0	0	0	0	0.54	0	0	0	0.466	0.79	0	0	0	0.492063444444	0	0	0	0	0	0	0	0	0	0.555555555556	0	0	0	0	0	0	0	
hsa:4190	0	0	0	0	0	0	0	0	0	0	0	0	0	0	0	0	0	0	0	0	0	0	0	0	0	0	0	0	0	0	0	0	0	0	0	0	0	0	0	0	0	0	0	0	0	0	0	0	0	0	
hsa:4191	0	0	0	0	0	0	0	0	0	0	0	0	0	0	0	0	0	0	0	0	0	0	0	0	0	0	0	0	0	0	0	0	0	0	0	0	0	0	0	0	0	0	0	0	0	0	0	0	0	0	
hsa:4200	0	0	0.474	0	0	0	0	0	0	0	0	0	0	0	0	0	0	0	0	0	0	0	0	0	0	0	0	0	0	0	0	0	0	0	0	0	0	0	0	0	0	0	0	0	0	0	0	0	0	0	
hsa:4233	0.838	0.714	0.624	0.76	0.504	0.51	0.65	0.6770833	0	0.644	0.572	0.526	0	0	0	0	0.4770833	0	0.478	0	0	0	0	0.514	0	0	0	0.464	0.6725	0	0.454	0	0.485714222222	0.4705882	0	0	0	0.5333333	0	0	0	0	0.653846111111	0	0	0	0	0	0	0	
hsa:4281	0	0	0	0	0	0	0	0	0	0	0	0	0	0	0	0	0	0	0	0	0	0	0	0	0	0	0	0	0	0	0	0	0	0	0	0	0	0	0	0	0	0	0	0	0	0	0	0	0	0	
hsa:4282	0	0	0	0	0	0	0	0	0	0	0	0	0	0	0	0	0	0	0	0	0	0	0	0	0	0	0	0	0	0	0	0	0	0	0	0	0	0	0	0	0	0	0	0	0	0	0	0	0	0	
hsa:43	0	0	0	0	0	0	0	0	0	0	0	0	0	0	0	0	0	0	0	0	0	0.4666666	0	0	0	0	0	0	0	0	0	0	0	0	0	0	0	0	0	0	0	0	0	0	0	0	0	0	0	0	
hsa:4311	0	0	0	0	0	0	0	0	0	0	0	0	0	0	0	0	0	0	0	0	0	0	0	0	0	0	0	0	0	0	0	0	0	0	0	0	0	0	0	0	0	0	0	0	0	0	0	0	0	0	
hsa:4329	0	0	0	0	0	0	0	0	0	0	0	0	0	0	0	0	0	0	0	0	0	0	0	0	0	0.4611111	0	0	0	0	0	0	0	0	0	0	0	0	0	0	0	0	0	0	0	0	0	0	0	0	
hsa:4353	0	0	0	0	0	0	0	0	0	0	0	0	0	0	0	0	0	0	0	0	0	0	0	0	0	0	0	0	0	0	0	0	0	0	0	0	0	0	0	0	0	0	0	0	0	0	0	0	0	0	
hsa:444	0	0	0	0	0	0	0	0	0	0	0	0	0	0	0	0	0	0	0	0	0	0	0	0	0	0	0	0	0	0	0	0	0	0	0	0	0	0	0	0	0	0	0	0	0	0	0	0	0	0	
hsa:4482	0	0	0	0	0	0	0	0	0	0	0	0	0	0	0	0	0	0	0	0	0	0	0	0	0	0	0	0	0	0	0	0	0	0	0	0	0	0	0	0	0	0	0	0	0	0	0	0	0	0	
hsa:4486	0.838	0.876	0.624	0.76	0.504	0.484	0.666	0.6770833	0.48043475	0.644	0.588	0.472	0	0	0	0	0.5375	0	0.46	0	0	0	0.48333335	0.524	0	0	0	0.494	0.845	0	0	0	0.488888777778	0	0	0	0	0.4888889	0	0	0	0	0.653846111111	0	0	0	0.4526316	0	0	0	
hsa:4548	0	0	0	0	0	0	0	0	0	0	0	0	0	0	0	0	0	0	0	0	0	0	0	0	0	0	0.45	0	0	0	0	0	0	0	0	0	0	0	0	0	0	0	0	0	0	0	0	0	0	0	
hsa:4552	0	0	0	0	0	0	0	0	0	0	0	0	0	0	0	0	0	0	0	0.4888889	0	0	0	0	0	0	0	0	0	0	0	0	0	0	0	0	0	0	0	0	0	0	0	0	0	0	0	0	0	0	
hsa:4593	0.682	0.78	0.598	0.774	0.562	0.57	0.64	0.6874999	0	0.54	0.598	0.604	0.48	0	0	0	0	0.634	0.618	0	0	0	0	0.562	0	0	0	0.498	0.82	0	0.458	0	0.507936555556	0	0	0	0	0	0	0	0	0	0.696581111111	0	0	0	0	0.504762	0	0	
hsa:4594	0	0	0	0	0	0	0	0	0	0	0	0	0	0	0	0	0	0	0	0	0	0	0	0	0	0	0	0	0	0	0	0	0	0	0	0	0	0	0	0	0	0	0	0	0	0	0	0	0	0	
hsa:472	0	0.592	0	0	0	0	0	0	0	0	0	0	0	0	0	0	0	0	0	0	0	0	0.4611111	0	0	0	0	0	0.495	0	0	0	0	0	0	0.4722222	0	0.45	0	0	0	0	0	0	0	0	0.4789473	0	0	0	
hsa:4758	0	0	0	0	0	0	0	0	0	0	0	0	0	0	0	0	0	0	0	0	0	0	0	0	0	0	0	0	0	0	0	0	0	0	0	0	0	0	0	0	0	0	0	0	0	0	0	0	0	0	
hsa:4759	0	0	0	0	0	0	0	0	0	0	0	0	0	0	0	0	0	0	0	0	0	0	0	0	0	0	0	0	0	0	0	0	0	0	0	0	0	0	0	0	0	0	0	0	0	0	0	0	0	0	
hsa:476	0	0	0	0.458	0	0	0	0	0	0	0	0	0	0	0	0	0	0	0	0	0	0	0.5055556	0	0	0	0	0	0	0	0	0	0	0	0	0	0	0.4888889	0	0	0	0	0	0	0	0	0	0	0	0	
hsa:4835	0	0	0	0	0	0	0	0	0	0	0	0	0	0	0	0	0	0	0	0	0	0	0	0	0	0	0	0	0	0	0	0	0	0	0	0	0	0	0	0	0	0	0	0	0	0	0	0	0	0	
hsa:4837	0	0	0	0	0	0	0	0	0	0	0	0	0	0	0	0	0	0	0	0	0	0	0	0	0	0	0	0	0	0	0	0	0	0	0	0	0	0	0	0	0	0	0	0	0	0	0	0	0	0	
hsa:4860	0	0	0	0	0	0	0	0	0	0	0	0	0	0	0	0	0	0	0	0	0	0	0	0	0	0	0	0	0	0	0	0	0	0	0	0	0	0	0	0	0	0	0	0	0	0	0	0	0	0	
hsa:4881	0.566	0	0.468	0.47	0	0.456	0	0	0	0.498	0	0	0	0	0	0	0	0	0	0	0	0	0	0	0	0	0	0.502	0	0	0	0	0.488888777778	0	0	0	0	0	0	0	0	0	0	0	0	0	0	0	0	0	
hsa:49	0	0	0	0	0	0	0	0	0.7347826	0	0	0	0	0.7171428	0	0	0	0	0	0	0	0	0	0	0	0	0	0	0	0.549549333333	0	0.4891892	0	0	0	0	0	0	0	0	0	0	0	0	0	0	0	0	0	0	
hsa:4907	0	0	0	0	0	0	0	0	0	0	0	0	0	0	0	0	0	0	0	0	0	0	0	0	0	0	0	0	0	0	0	0	0	0	0	0	0	0	0	0	0	0	0	0	0	0	0.4894736	0	0	0	
hsa:4914	0.816	0.78	0.598	0.684	0.562	0.548	0.636	0.6208333	0	0.636	0.61	0	0	0	0	0	0	0.586	0.52	0	0	0	0	0.636	0	0	0	0	0.82	0	0	0	0	0	0	0	0	0	0	0	0	0	0.696581111111	0	0	0	0	0	0	0	
hsa:4915	0.744	0.78	0.598	0.684	0.562	0.576	0.65	0.6208333	0	0.592	0.61	0	0	0	0	0	0	0.606	0.52	0	0	0	0	0.636	0	0	0	0	0.82	0	0	0	0.517460333333	0	0	0	0	0	0	0	0	0	0.696581111111	0	0	0	0	0	0	0	
hsa:4916	0.782	0.78	0.598	0.684	0.562	0.528	0.65	0.6208333	0	0.644	0.61	0	0	0	0	0	0	0.572	0.52	0.45	0	0	0	0.636	0	0	0	0	0.82	0	0	0	0	0	0	0	0	0	0	0	0	0	0.696581111111	0	0	0	0	0	0	0	
hsa:4919	0.724	0.792	0.618	0.632	0.526	0.484	0.662	0.6145832	0	0.614	0	0.636	0	0	0	0	0	0.576	0.598	0	0	0	0	0	0	0	0	0.494	0.735	0	0.478	0	0.479365	0.4941176	0	0	0	0	0	0	0	0	0.636752111111	0	0	0	0	0	0	0	
hsa:4920	0.674	0.69	0.71	0.612	0.48	0.496	0.662	0.5687499	0	0.58	0.516	0.63	0	0	0	0	0.4687498	0.612	0.592	0	0	0	0.4611111	0.496	0	0	0	0.494	0.71	0	0	0	0.501587333333	0	0	0	0	0	0	0	0	0	0.649572666667	0	0	0	0	0.5071429	0	0	
hsa:4921	0.7	0.78	0.514	0.672	0.562	0.52	0.64	0.5999999	0	0.598	0.66	0.526	0	0	0.5285714	0	0	0.558	0	0	0	0	0	0.574	0	0	0	0	0.82	0	0.486	0	0.514285777778	0.4941176	0	0	0	0	0	0	0	0	0.606837555556	0	0	0	0	0	0	0	
hsa:4942	0	0	0	0	0	0	0	0	0	0	0	0	0	0	0	0	0	0	0	0	0	0	0	0	0	0	0	0	0	0	0	0	0	0	0	0	0	0	0	0	0	0	0	0	0	0	0	0	0	0	
hsa:495	0	0	0	0	0	0	0	0	0	0	0	0	0	0	0	0	0	0	0	0	0	0	0	0	0	0	0	0	0	0	0	0	0	0	0	0	0	0.4888889	0	0	0	0	0	0	0	0	0	0	0	0	
hsa:4953	0	0	0	0	0	0	0	0	0	0	0	0	0	0	0	0	0	0	0	0	0	0	0	0	0	0	0	0	0	0	0	0	0	0	0	0	0	0	0	0	0	0	0	0	0	0	0	0	0	0	
hsa:50	0	0.486	0	0	0	0	0	0	0	0	0	0	0	0	0	0	0	0	0	0	0	0	0	0	0	0	0	0	0	0	0	0	0	0	0	0	0	0	0	0	0	0	0	0	0	0	0	0	0	0	
hsa:501	0	0	0	0	0	0	0	0	0	0	0	0	0	0	0	0	0	0	0	0	0	0	0	0	0	0	0	0	0	0	0	0	0	0.4705882	0	0	0	0	0	0	0	0	0	0	0	0	0	0	0	0	
hsa:5033	0	0	0	0	0	0	0	0	0	0	0	0	0	0	0	0	0	0	0	0	0	0	0	0	0	0	0	0	0	0	0	0	0	0	0	0	0	0	0	0	0	0	0	0	0	0	0.4842105	0	0	0	
hsa:5045	0	0	0	0	0	0	0	0	0	0	0	0	0	0	0	0	0	0	0	0	0	0	0	0	0	0	0	0	0	0	0	0	0	0	0	0	0	0	0	0	0	0	0	0	0	0	0	0	0	0	
hsa:50484	0	0	0	0	0	0	0	0	0	0	0	0	0	0	0	0	0	0	0	0	0	0	0	0	0	0	0	0	0	0	0	0	0	0	0	0	0	0	0	0	0	0	0	0	0	0	0	0	0	0	
hsa:50487	0	0	0	0	0	0	0	0	0	0	0	0	0	0	0	0	0	0	0	0	0	0	0	0	0	0	0	0	0	0	0	0	0	0	0	0	0	0	0	0	0	0	0	0	0	0	0	0	0	0	
hsa:5049	0	0	0	0	0	0	0	0	0	0	0	0	0	0	0	0	0	0	0	0	0	0	0	0	0	0	0	0	0	0	0	0	0	0.4588235	0	0	0	0	0	0	0	0	0	0	0	0	0	0	0	0	
hsa:5050	0	0	0	0	0	0	0	0	0	0	0	0	0	0	0	0	0	0	0	0	0	0	0	0	0.4727272	0	0	0	0	0	0	0	0	0.482353	0	0	0	0	0	0	0	0	0	0	0	0	0	0	0	0	
hsa:5051	0	0	0	0	0	0	0	0	0.4826087	0	0	0	0	0	0	0	0	0	0	0	0	0	0	0	0	0	0	0	0	0	0	0	0	0	0	0	0	0	0	0	0	0	0	0	0	0	0	0	0	0	
hsa:5052	0	0	0	0	0	0	0	0	0	0	0	0	0	0	0	0	0	0	0	0	0	0	0	0	0	0	0	0	0	0	0	0	0	0	0	0	0	0	0	0	0	0	0	0	0	0	0	0	0	0	
hsa:5053	0	0	0	0	0	0	0	0	0	0	0	0	0	0	0	0	0	0	0	0	0	0	0	0	0	0	0	0	0	0	0	0	0	0	0	0	0	0.45	0	0.465	0	0	0	0	0	0	0	0	0	0	
hsa:5091	0	0	0	0	0	0	0	0	0	0	0	0	0	0	0	0	0	0	0	0	0	0	0	0	0	0	0	0	0	0	0	0	0	0	0	0	0	0.4722222	0	0	0	0	0	0	0	0	0	0	0	0	
hsa:50940	0	0	0	0	0	0	0	0	0	0	0	0	0	0	0	0	0	0	0	0	0	0	0	0	0	0	0	0	0	0	0	0	0	0	0	0	0	0	0	0.72	0	0	0	0.7	0	0	0.4842105	0	0	0	
hsa:5095	0	0	0	0	0	0	0	0	0	0	0	0	0	0	0	0	0	0	0	0	0	0	0	0	0	0	0	0	0	0	0	0	0	0	0	0	0	0	0	0	0	0.4875	0	0	0	0	0	0	0	0	
hsa:5096	0	0	0	0	0	0	0	0	0	0	0	0	0	0	0	0	0	0	0	0	0	0	0	0	0	0	0	0	0	0	0	0	0	0	0	0	0	0.4888889	0	0	0	0	0	0	0	0	0	0	0	0	
hsa:51	0	0	0	0	0	0	0	0	0	0	0	0	0	0	0	0	0	0	0	0	0	0	0	0	0	0	0	0	0	0	0	0	0	0	0	0	0	0	0	0	0	0	0	0	0	0	0	0	0	0	
hsa:51004	0	0	0	0	0	0	0	0	0	0	0	0	0	0	0	0	0	0	0	0	0	0	0	0	0	0	0	0	0	0	0	0	0	0.4764706	0	0	0	0	0	0	0	0	0	0	0	0	0	0	0	0	
hsa:51095	0	0	0	0	0	0	0	0	0	0	0	0	0	0	0	0	0	0	0	0	0	0	0	0	0	0	0	0	0	0	0	0	0	0	0	0	0	0	0	0	0	0	0	0	0	0	0	0	0	0	
hsa:51166	0	0	0	0	0	0	0	0	0	0	0	0	0	0	0	0	0	0	0	0	0	0	0	0	0	0	0	0	0	0	0	0	0	0	0	0	0	0	0	0	0	0	0	0	0	0	0	0	0	0	
hsa:51172	0	0	0	0	0	0	0	0	0	0	0	0	0	0	0	0	0	0	0	0	0	0	0	0	0	0	0	0	0	0	0	0	0	0	0	0	0.4722222	0	0	0	0	0	0	0	0	0	0	0	0	0	
hsa:51181	0	0.486	0	0	0	0	0	0	0	0	0	0	0	0	0	0	0	0	0	0	0	0	0	0	0	0	0	0	0	0	0	0	0	0	0	0	0	0	0	0	0	0	0	0	0	0	0	0	0	0	
hsa:51205	0	0	0	0	0	0	0	0	0	0	0	0	0	0	0	0	0	0	0	0	0.4777777	0	0	0	0	0	0	0	0	0	0	0	0	0	0	0	0	0	0	0	0	0	0	0	0	0	0	0	0	0	
hsa:51207	0	0	0	0	0	0	0	0	0	0	0	0	0	0	0	0	0	0	0	0	0	0	0	0	0	0	0	0	0	0	0	0	0	0	0	0	0	0	0	0	0	0.6833334	0	0	0	0	0	0	0	0	
hsa:5122	0	0	0	0	0	0	0	0	0	0	0	0	0	0	0	0	0	0	0	0	0	0	0	0	0	0	0	0	0	0	0	0	0	0	0	0	0	0	0	0	0	0	0	0	0	0	0	0	0	0	
hsa:51251	0	0	0	0	0	0	0	0	0	0	0	0	0	0	0	0	0	0	0	0	0	0	0	0	0	0	0	0	0	0	0	0	0	0	0	0	0	0	0	0	0	0	0	0	0	0	0	0	0	0	
hsa:5126	0	0	0	0	0	0	0	0	0	0	0	0	0	0	0	0	0	0	0	0	0	0	0	0	0	0	0	0	0	0	0	0	0	0	0	0	0	0	0	0	0	0	0	0	0	0	0	0	0	0	
hsa:51292	0	0	0	0	0	0	0	0	0	0	0	0	0	0	0	0	0	0	0	0	0	0	0	0	0	0	0	0	0	0	0	0	0	0	0	0	0	0	0	0	0	0	0	0	0	0	0	0	0	0	
hsa:513	0	0	0	0	0	0	0	0	0	0	0	0	0	0	0	0	0	0	0	0	0	0	0	0	0	0	0	0	0	0	0	0	0	0	0	0	0	0	0	0	0	0	0	0	0	0	0	0	0	0	
hsa:51302	0	0	0	0.452	0	0	0	0	0	0	0	0	0	0	0	0	0	0	0	0	0	0	0	0	0	0	0	0	0	0	0	0	0	0	0	0	0	0	0	0	0	0	0	0	0	0.4575	0	0	0	0	
hsa:5136	0	0	0	0	0	0	0	0	0	0	0	0	0	0	0	0	0	0	0	0	0	0	0	0	0	0.4666666	0	0	0	0	0	0	0	0	0	0	0	0	0	0.575	0	0	0	0.7166667	0	0	0	0	0	0	
hsa:51365	0	0	0	0	0	0	0	0	0	0	0	0	0	0	0	0	0	0	0	0	0	0	0	0	0	0	0	0	0	0	0	0	0	0	0	0	0	0	0	0	0	0	0	0	0	0	0	0	0	0	
hsa:5137	0	0	0	0	0	0	0	0	0	0	0	0	0	0	0	0	0	0	0	0	0	0	0	0	0	0.4666666	0	0	0	0	0	0	0	0	0	0	0	0	0	0.575	0	0	0	0.7111111	0	0	0	0	0	0	
hsa:5138	0	0	0	0	0	0	0	0	0	0	0	0	0	0	0	0	0	0	0	0	0	0	0	0	0	0	0	0	0	0	0	0	0	0	0	0	0.45	0	0	0.72	0	0	0	0.6611111	0	0	0	0	0	0	
hsa:5140	0	0	0	0	0	0	0	0	0	0	0	0	0	0	0	0	0	0	0	0	0	0	0	0	0	0.4666666	0	0	0	0	0	0	0	0.4970588	0	0	0	0	0	0.68	0	0	0	0.6611112	0	0	0	0	0	0	
hsa:5141	0.468	0	0	0	0	0	0	0	0	0	0	0	0	0	0	0	0	0	0	0	0	0	0	0	0	0.4666666	0	0	0	0	0	0	0	0.5058823	0	0	0	0	0	0.725	0	0	0	0.7333334	0	0	0	0	0	0	
hsa:5142	0.468	0	0	0	0	0	0	0	0	0	0	0	0	0	0	0	0	0	0	0	0	0	0	0	0	0.4666666	0	0	0	0	0	0	0	0	0	0	0	0	0	0.725	0	0	0	0.7333334	0	0	0	0	0	0	
hsa:5143	0.47	0	0	0	0	0	0	0	0	0	0	0	0	0	0	0	0	0	0	0	0	0	0	0	0	0.4666666	0	0	0	0	0	0	0	0	0	0.4722223	0	0	0	0.725	0	0	0	0.7333334	0	0	0	0	0	0	
hsa:5144	0.468	0	0	0	0	0	0	0	0	0	0	0	0	0	0	0	0	0	0	0	0	0	0	0	0	0.4722222	0	0	0	0	0	0	0	0	0	0	0	0	0	0.725	0	0	0	0.7111112	0	0	0	0	0	0	
hsa:5145	0	0	0	0	0	0	0	0	0	0	0	0	0	0	0	0	0	0	0	0	0	0	0	0	0.5454545	0	0	0	0	0	0	0	0	0	0	0	0	0	0	0.7	0	0	0	0.6388889	0	0	0	0	0	0	
hsa:5146	0	0	0	0	0	0	0	0	0	0	0	0	0	0	0	0	0	0	0	0	0	0	0	0	0.4545454	0.5055555	0	0	0	0	0	0	0	0	0	0	0	0	0	0.7	0	0	0	0.6388889	0	0	0	0	0	0	
hsa:5147	0	0	0	0	0	0	0	0	0	0	0	0	0	0	0	0	0	0	0	0	0	0	0	0	0	0	0	0	0	0	0	0	0	0	0	0	0	0	0	0	0	0	0	0	0	0	0	0	0	0	
hsa:5148	0	0	0	0	0	0	0	0	0	0	0	0	0	0	0	0	0	0	0	0	0	0	0	0	0	0	0	0	0	0	0	0	0	0	0	0	0	0	0	0	0	0	0	0	0	0	0	0	0	0	
hsa:5149	0	0	0	0	0	0	0	0	0	0	0	0	0	0	0	0	0	0	0	0	0	0	0	0	0	0	0	0	0	0	0	0	0	0	0	0	0	0	0	0	0	0	0	0	0	0	0	0	0	0	
hsa:5150	0	0	0	0	0	0	0	0	0	0	0	0	0	0	0	0	0	0	0	0	0	0	0	0	0.4772726	0	0	0	0	0	0	0	0	0	0	0	0.4888888	0	0	0.665	0	0	0	0.7111111	0	0	0	0	0	0	
hsa:5151	0	0	0	0	0	0	0	0	0	0	0.456	0	0	0	0	0	0	0	0	0	0	0	0	0	0	0	0	0	0	0	0	0	0	0	0	0	0.4722222	0	0	0.7	0	0	0	0.6555556	0	0	0	0	0	0	
hsa:5152	0	0	0	0	0	0	0	0	0	0	0	0	0	0	0	0	0	0.484	0	0	0	0	0	0	0	0.4666666	0	0	0	0	0	0	0	0	0	0	0	0	0	0.71	0	0	0	0.4555555	0	0	0	0	0	0	
hsa:5156	0.768	0.886	0.728	0.796	0.596	0.564	0.608	0.6562499	0	0.596	0.578	0.586	0	0	0.4693877	0	0	0.63	0.618	0	0	0	0	0.614	0	0	0	0.512	0.79	0	0	0	0	0	0	0	0	0	0	0	0	0	0.688034111111	0	0	0	0	0.4833334	0	0	
hsa:5158	0	0	0	0	0	0	0	0	0	0	0	0	0	0	0	0	0	0	0	0	0	0	0	0	0.6545453	0	0	0	0	0	0	0	0	0	0	0	0	0	0	0.7	0	0	0	0.6388889	0	0	0	0	0	0	
hsa:5159	0.818	0.886	0.696	0.796	0.523	0.54	0.594	0.6562499	0	0.63	0.576	0.53	0	0	0.4734693	0	0	0.624	0.6	0	0	0	0	0.606	0	0	0.45	0	0.79	0	0	0	0	0.4647058	0	0	0	0.4833333	0	0	0	0	0.645299111111	0	0	0	0	0.5190476	0	0	
hsa:51601	0	0	0	0	0	0	0	0	0	0	0	0	0	0	0	0	0	0	0	0	0	0	0	0	0	0	0	0	0	0	0	0	0	0	0	0	0	0	0	0	0	0	0	0	0	0	0	0	0	0	
hsa:51645	0	0	0	0	0	0	0	0	0	0	0	0	0	0	0	0	0	0	0	0	0	0	0	0	0	0	0	0	0	0	0	0	0	0	0	0	0	0	0	0	0	0	0	0	0	0	0	0	0	0	
hsa:5167	0	0	0	0	0	0	0	0	0	0	0	0	0	0	0	0	0	0	0	0	0	0	0	0	0	0	0	0	0	0	0	0	0	0	0	0	0	0	0	0	0	0	0	0	0	0	0	0	0	0	
hsa:5168	0	0	0	0	0	0	0	0	0	0	0	0	0	0	0	0.4680852	0	0	0	0	0	0	0	0	0	0	0	0	0	0	0	0	0	0	0	0	0	0	0	0	0	0	0	0	0	0	0	0	0	0	
hsa:5169	0	0	0	0	0	0	0	0	0	0	0	0	0	0	0	0	0	0	0	0	0	0	0	0	0	0	0	0	0	0	0	0	0	0	0	0	0	0	0	0	0	0	0	0	0	0	0	0	0	0	
hsa:51727	0	0	0	0	0	0	0	0	0	0	0	0	0	0	0	0	0	0	0	0	0	0	0	0	0	0	0	0	0	0	0	0	0	0.5	0	0	0	0	0	0	0	0	0	0	0	0	0	0	0	0	
hsa:52	0	0	0	0	0	0	0	0	0	0	0	0	0	0	0	0	0	0	0	0	0	0	0	0	0	0	0	0	0	0	0	0	0	0	0	0	0	0	0	0	0	0	0	0	0	0	0	0	0	0	
hsa:5294	0	0	0	0	0	0	0	0	0	0	0	0	0	0	0	0	0	0	0	0	0	0	0	0	0	0	0	0	0	0	0	0	0	0	0	0	0	0.5	0	0	0	0	0	0	0	0	0	0	0	0	
hsa:53	0	0	0	0	0	0	0	0	0	0	0	0	0	0	0	0	0	0	0	0	0	0	0	0	0	0	0	0	0	0	0	0	0	0	0	0	0	0	0	0	0	0	0	0	0	0	0	0	0	0	
hsa:5319	0	0	0	0	0	0	0	0	0	0	0	0	0	0	0	0	0	0	0	0	0	0	0	0	0	0	0	0	0	0	0	0	0	0	0	0	0	0	0	0	0	0	0	0	0	0	0	0	0	0	
hsa:5320	0	0	0	0	0	0	0	0	0	0	0	0	0	0	0	0	0	0	0	0	0	0	0	0	0	0	0	0	0	0	0	0	0	0	0	0	0	0	0	0	0	0	0	0	0	0	0	0	0	0	
hsa:5321	0	0	0	0	0	0	0	0	0	0	0	0	0	0	0	0	0	0	0	0	0	0	0	0	0	0	0	0	0	0	0	0	0	0.5	0	0	0	0	0	0.45	0	0	0	0	0	0	0	0	0	0	
hsa:5322	0	0	0	0	0	0	0	0	0	0	0	0	0	0	0	0	0	0	0	0	0	0	0	0	0	0	0	0	0	0	0	0	0	0	0	0	0	0	0	0	0	0	0	0	0	0	0	0	0	0	
hsa:5327	0	0	0	0	0	0	0	0	0.7978261	0	0	0	0	0.5971429	0	0	0	0	0	0.45	0	0	0	0	0	0	0	0	0	0.531531333333	0	0	0	0	0	0	0	0	0	0	0	0	0	0	0.5793102	0	0	0	0	0	
hsa:5328	0	0	0	0	0	0	0	0	0.7978261	0	0	0	0	0.5371427	0	0	0	0	0	0.45	0	0	0	0	0	0	0	0	0	0.537537333333	0	0.4783783	0	0	0	0	0	0	0	0	0	0	0	0	0.5344826	0	0	0	0	0	
hsa:5330	0	0	0	0	0	0	0	0	0	0	0	0	0	0	0	0	0	0	0	0	0	0	0.4555555	0	0	0.5888889	0	0	0	0	0	0	0	0	0	0	0	0	0	0	0	0	0	0	0	0	0.4894736	0	0	0	
hsa:5331	0	0	0	0	0	0	0	0	0	0	0	0	0	0	0	0	0	0	0	0	0	0	0	0	0	0	0	0	0	0	0	0	0	0	0	0	0	0.4888889	0	0	0	0	0	0	0	0	0	0	0	0	
hsa:5332	0	0	0	0	0	0	0	0	0	0	0	0	0	0	0	0	0	0	0	0.45	0	0	0	0	0	0	0	0	0	0	0	0	0	0	0	0	0	0	0	0	0	0	0	0	0	0	0	0	0	0	
hsa:5333	0	0.454	0	0	0	0	0	0	0	0	0	0	0	0	0	0	0	0	0	0	0	0	0	0	0	0	0	0	0.45	0	0	0	0	0	0	0	0	0	0	0	0	0	0	0	0	0	0	0	0	0	
hsa:5335	0	0	0	0	0	0	0	0	0	0	0	0	0	0	0	0	0	0	0	0	0	0	0	0	0	0	0	0	0	0	0	0	0	0	0	0	0	0	0	0	0	0	0	0	0	0	0.4842105	0	0	0	
hsa:5336	0	0	0	0	0	0	0	0	0	0	0	0	0	0	0	0	0	0	0	0	0	0	0	0	0	0	0	0	0	0	0	0	0	0	0	0	0	0	0	0	0	0	0	0	0	0	0	0	0	0	
hsa:5337	0	0.452	0	0	0	0	0	0	0	0	0	0	0	0.4514285	0	0	0	0	0	0	0	0	0	0	0	0	0	0	0	0	0	0	0	0	0	0	0	0	0	0	0	0	0	0	0	0	0	0	0	0	
hsa:5338	0.45	0	0	0	0.47	0	0	0	0	0	0	0	0	0	0	0	0	0	0	0	0	0	0.4555555	0	0	0	0	0	0	0	0	0	0	0	0	0	0	0	0	0	0	0	0	0	0	0	0	0	0	0	
hsa:5340	0	0	0	0	0	0	0	0	0.64565215	0	0	0	0	0.7342856	0	0	0	0	0	0.5388889	0	0	0	0	0	0	0	0	0	0.540540444444	0	0.4837837	0	0	0	0	0	0	0	0	0	0	0	0	0.4586207	0	0	0	0	0	
hsa:5351	0	0	0	0	0	0	0	0	0	0	0	0	0	0	0	0	0	0	0	0.4888889	0	0	0	0	0	0	0	0	0	0	0	0	0	0	0	0	0	0	0	0	0	0	0	0	0	0	0	0	0	0	
hsa:53938	0	0	0	0	0	0	0	0	0	0	0	0	0	0	0	0	0	0	0	0	0	0	0	0	0	0	0	0	0	0	0	0	0	0	0	0	0	0	0	0	0	0	0	0	0	0	0	0	0	0	
hsa:54	0	0	0	0	0	0	0	0	0	0	0	0	0	0	0	0	0	0	0	0	0	0	0	0	0	0	0	0	0	0	0	0	0	0	0	0	0	0	0	0	0	0	0	0	0	0	0	0	0	0	
hsa:5406	0	0.498	0	0	0	0	0	0	0	0	0	0	0	0	0	0	0	0	0	0	0	0	0	0	0	0	0	0	0	0	0	0	0	0	0	0	0	0	0	0	0	0	0	0	0	0	0	0	0	0	
hsa:5407	0	0	0	0	0	0	0	0	0	0	0	0	0	0	0	0	0	0	0	0	0	0	0	0	0	0	0	0	0	0	0	0	0	0	0	0	0	0	0	0	0	0	0	0	0	0	0	0	0	0	
hsa:5408	0	0	0	0	0	0	0	0	0	0	0	0	0	0	0	0	0	0	0	0	0	0	0	0	0	0	0	0	0	0	0	0	0	0.4941176	0	0	0	0	0	0	0	0	0	0	0	0	0	0	0	0	
hsa:5422	0	0	0	0	0	0	0	0	0	0	0	0	0	0	0	0	0	0	0	0	0	0	0	0	0	0	0	0	0	0	0	0	0	0.4705882	0	0	0	0.4777778	0	0	0	0	0	0	0	0	0.4736842	0	0	0	
hsa:5423	0	0	0	0	0	0	0	0	0	0	0	0	0	0	0	0	0	0	0	0	0	0	0	0	0	0	0	0	0	0	0	0	0	0	0	0	0	0	0	0	0	0	0	0	0	0	0	0	0	0	
hsa:5444	0	0	0	0	0	0	0	0	0	0	0	0	0	0	0	0	0	0	0	0	0	0	0	0	0	0	0	0	0	0	0	0	0	0	0	0	0	0	0	0	0	0	0	0	0	0	0	0	0	0	
hsa:5445	0	0.5	0	0	0	0	0	0	0	0	0	0	0	0	0	0	0	0	0	0	0	0	0	0	0	0	0	0	0.45	0	0	0	0	0	0	0	0	0	0	0	0	0	0	0	0	0	0	0	0	0	
hsa:5447	0	0	0	0.48	0	0	0	0	0	0	0	0	0.52	0	0	0	0	0	0	0	0	0	0	0	0	0	0	0	0	0	0	0	0	0	0	0	0	0	0	0	0	0	0	0	0	0	0	0	0	0	
hsa:54490	0	0	0	0	0	0	0	0	0	0	0	0	0	0	0	0	0	0	0	0.8555556	0.8166666	0.6851852	0.8444445	0	0.7999999	0.8277777	0.7888889	0	0	0	0	0	0	0.8294117	0	0.7611111	0.6722222	0.9222222	0.6894736	0	0.7999999	0	0	0	0	0	0.8421051	0	0	0	
hsa:54575	0	0	0	0	0	0	0	0	0	0	0	0	0	0	0	0.5404255	0	0	0	0.9388889	0.9166665	0.6833333	0.72777775	0	0.8181817	0.8833333	0.8111111	0	0	0	0	0	0	0.7147058	0	0.8444445	0.8166666	0.9222222	0.6947367	0	0.761111	0	0	0	0	0	0.868421	0	0	0	
hsa:54576	0	0	0	0	0	0	0	0	0	0	0	0	0	0	0	0.5404255	0	0	0	0.9388889	0.9166665	0.6833333	0.9555555	0	0.8181817	0.8833333	0.8111111	0	0	0	0	0	0	0.7147058	0	0.8444445	0.8166666	0.9222222	0.6947367	0	0.761111	0	0	0	0	0	0.868421	0	0	0	
hsa:54577	0	0	0	0	0	0	0	0	0	0	0	0	0	0	0	0.5404255	0	0	0	0.9388889	0.9166665	0.6833333	0.9555555	0	0.8181817	0.8833333	0.8111111	0	0	0	0	0	0	0.7147058	0	0.8444445	0.8166666	0.9222222	0.6947367	0	0.761111	0	0	0	0	0	0.868421	0	0	0	
hsa:54578	0	0	0	0	0	0	0	0	0	0	0	0	0	0	0	0.5404255	0	0	0	0.9388889	0.9166665	0.6833333	0.9555555	0	0.8181817	0.8833333	0.8111111	0	0	0	0	0	0	0.9470587	0	0.8444445	0.8166666	0.9222222	0.6999999	0	0.7111111	0	0	0	0	0	0.868421	0	0	0	
hsa:54579	0	0.498	0	0	0	0	0	0	0	0	0	0	0	0	0	0.5404255	0	0	0	0.9388889	0.9166665	0.6833333	0.9555555	0	0.8181817	0.8833333	0.8111111	0	0	0	0	0	0	0.9470587	0	0.8444445	0.8166666	0.9222222	0.6999999	0	0.7277777	0	0	0	0	0	0.868421	0	0	0	
hsa:54600	0	0	0	0	0	0	0	0	0	0	0	0	0	0	0	0.5404255	0	0	0	0.9388889	0.9166665	0.6833333	0.9555555	0	0.8181817	0.8833333	0.8111111	0	0	0	0	0	0	0.7147058	0	0.8444445	0.8166666	0.9222222	0.6947367	0	0.761111	0	0	0	0	0	0.868421	0	0	0	
hsa:54657	0	0	0	0	0	0	0	0	0	0	0	0	0	0	0	0.5404255	0	0	0	0.9388889	0.9166665	0.6833333	0.9555555	0	0.8181817	0.8833333	0.8111111	0	0	0	0	0	0	0.9470587	0	0.8444445	0.8166666	0.9222222	0.6999999	0	0.7277777	0	0	0	0	0	0.868421	0	0	0	
hsa:54658	0	0	0	0	0	0	0	0	0	0	0	0	0	0	0	0.5404255	0	0	0	0.9388889	0.9166665	0.6833333	0.9555555	0	0.8181817	0.8833333	0.8111111	0	0	0	0	0	0	0.9470587	0	0.8444445	0.8166666	0.9222222	0.7157893	0	0.7277777	0	0	0	0	0	0.868421	0	0	0	
hsa:54659	0	0.452	0	0	0	0	0	0	0	0	0	0	0	0	0	0.5404255	0	0	0	0.9388889	0.9166665	0.6833333	0.9555555	0	0.8181817	0.8833333	0.8111111	0	0	0	0	0	0	0.9470587	0	0.8444445	0.8166666	0.9222222	0.6999999	0	0.7444444	0	0	0	0	0	0.868421	0	0	0	
hsa:54677	0	0	0	0	0	0	0	0	0	0	0	0	0	0	0	0	0	0	0	0	0	0	0	0	0	0	0	0	0	0	0	0	0	0	0	0	0	0	0	0	0	0	0	0	0	0	0	0	0	0	
hsa:5470	0	0	0.468	0	0	0	0	0	0	0	0	0	0	0	0	0	0	0	0	0.4888889	0	0	0	0	0	0	0	0	0	0	0	0	0	0	0	0	0	0	0	0	0	0	0.547008666667	0	0	0	0	0	0.7384615	0	
hsa:5475	0	0	0	0	0	0	0	0	0	0	0	0	0	0	0	0	0	0	0	0.4888889	0	0	0	0	0	0	0	0	0	0	0	0	0	0	0	0	0	0	0	0	0	0	0	0	0	0	0	0	0.6538461	0	
hsa:5476	0	0	0	0	0	0	0	0	0	0	0	0	0	0	0	0	0	0	0	0	0	0	0	0	0	0	0	0	0	0	0	0	0	0	0	0	0	0	0	0	0	0	0	0	0	0	0	0	0	0	
hsa:5478	0	0	0	0	0	0	0	0	0	0	0	0	0	0	0	0	0	0	0	0	0	0	0	0	0	0	0	0	0	0	0	0	0	0	0	0	0	0	0	0	0	0	0	0	0	0	0	0	0	0	
hsa:5479	0	0	0	0	0	0	0	0	0	0	0	0	0	0	0	0	0	0	0	0	0	0	0	0	0	0	0	0	0	0	0	0	0	0	0	0	0	0	0	0	0	0	0	0	0	0	0	0	0	0	
hsa:5481	0	0	0	0	0	0	0	0	0	0	0	0	0	0	0	0	0	0	0	0	0	0	0	0	0	0	0	0	0	0	0	0	0	0	0	0	0	0	0	0	0	0	0	0	0	0	0	0	0	0	
hsa:54878	0	0	0	0	0	0	0	0	0	0	0	0	0	0	0	0	0	0	0	0	0	0	0	0	0	0	0	0	0	0	0	0	0	0	0	0	0	0	0	0	0	0	0	0	0	0	0	0	0	0	
hsa:5494	0	0.494	0	0	0.456	0	0	0	0	0	0	0	0	0	0	0	0	0	0	0	0	0	0	0	0	0	0	0	0	0	0	0	0	0	0	0	0	0	0	0	0	0	0	0	0	0	0	0	0	0	
hsa:5495	0	0.492	0	0	0	0	0	0	0	0	0	0	0	0	0	0	0	0	0	0	0	0	0	0	0	0	0	0	0	0	0	0	0	0.4647058	0	0	0	0	0	0	0	0	0	0	0	0	0	0	0	0	
hsa:5496	0	0	0	0	0	0	0	0	0	0	0	0	0	0	0	0	0	0	0	0	0	0	0	0	0	0	0	0	0	0	0	0	0	0	0	0	0	0	0	0	0	0	0	0	0	0	0	0	0	0	
hsa:5499	0	0	0	0	0	0	0	0	0	0	0	0	0	0	0	0	0	0	0	0	0	0	0	0	0	0	0	0	0	0	0	0	0	0	0	0	0	0	0	0	0	0	0	0	0	0	0	0	0.8153846	0	
hsa:55	0	0	0	0	0	0	0	0	0	0	0	0	0	0	0	0	0	0	0	0	0	0	0	0	0	0.4888889	0	0	0	0	0	0	0	0	0	0	0	0	0	0	0	0	0	0	0	0	0	0	0	0	
hsa:5500	0	0	0	0	0	0	0	0	0	0	0	0	0	0	0	0	0	0	0	0	0	0	0	0	0	0	0	0	0	0	0	0	0	0	0	0	0	0	0	0	0	0	0	0	0	0	0	0	0.7846154	0	
hsa:5501	0	0	0	0	0	0	0	0	0	0	0	0	0	0	0	0	0	0	0	0	0	0	0	0	0	0	0	0	0	0	0	0	0	0	0	0	0	0	0	0	0	0	0	0	0	0	0	0	0.8153846	0	
hsa:5515	0	0	0	0	0	0	0	0	0	0	0	0	0	0	0	0	0	0	0	0	0	0	0	0	0	0	0	0	0	0	0	0	0	0	0	0	0	0	0	0	0	0	0	0	0	0	0	0	0.7846154	0	
hsa:5516	0	0	0	0	0	0	0	0	0	0	0	0	0	0	0	0	0	0	0	0	0	0	0	0	0	0	0	0	0	0	0	0	0	0	0	0	0	0	0	0	0	0	0	0	0	0	0	0	0.7846154	0	
hsa:5523	0	0	0	0	0	0	0	0	0	0	0	0	0	0	0	0	0	0	0	0	0	0	0.4611111	0	0	0	0	0	0	0	0	0	0	0	0	0	0	0	0	0	0	0	0	0	0	0	0	0	0	0	
hsa:5530	0	0	0	0	0	0	0	0	0	0	0	0	0	0	0	0	0	0	0	0	0	0	0	0	0	0	0	0	0	0	0	0	0	0	0	0	0	0	0	0	0	0	0	0	0	0	0	0	0.8384616	0	
hsa:5531	0	0	0	0	0	0	0	0	0	0	0	0	0	0	0	0	0	0	0	0	0	0	0	0	0	0	0	0	0	0	0	0	0	0	0	0	0	0	0	0	0	0	0	0	0	0	0	0	0.8538462	0	
hsa:55312	0	0	0	0	0	0	0	0	0	0	0	0	0	0	0	0	0	0	0	0	0	0	0	0	0	0	0	0	0	0	0	0	0	0	0	0	0	0	0	0	0	0	0	0	0	0	0	0	0	0	
hsa:5532	0	0	0	0	0	0	0	0	0	0	0	0	0	0	0	0	0	0	0	0	0	0	0	0	0	0	0	0	0	0	0	0	0	0	0	0	0	0	0	0	0	0	0	0	0	0	0	0	0.8384616	0	
hsa:5533	0	0	0	0	0	0	0	0	0	0	0	0	0	0	0	0	0	0	0	0	0	0	0	0	0	0	0.45	0	0	0	0	0	0	0	0	0	0	0	0	0	0	0	0	0	0	0	0	0	0.8384616	0	
hsa:55359	0.726	0.638	0.606	0	0.462	0.474	0	0	0	0.592	0	0.458	0	0	0	0	0	0	0.488	0	0	0	0	0	0	0	0	0	0.59	0	0	0	0	0	0	0	0	0	0	0	0	0	0.504273555556	0	0	0	0	0	0	0	
hsa:5536	0	0	0	0	0	0	0	0	0	0	0	0	0	0	0	0	0	0	0	0	0	0	0	0	0	0	0	0	0	0	0	0	0	0	0	0.45	0	0	0	0	0	0	0	0	0	0	0	0	0.8	0	
hsa:5537	0	0	0	0	0	0	0	0	0	0	0	0	0	0	0	0	0	0	0	0	0	0	0.4666667	0	0	0	0	0	0	0	0	0	0	0	0	0	0	0	0	0	0	0	0	0	0	0	0	0	0.8538462	0	
hsa:5538	0	0	0	0	0	0	0	0	0	0	0	0	0	0	0	0	0	0	0	0	0	0	0	0	0	0.4777778	0	0	0	0	0	0	0	0	0	0	0	0	0	0	0	0	0	0	0	0	0	0	0	0	
hsa:5547	0	0	0	0	0.476	0	0	0	0	0	0	0	0	0	0	0	0	0	0	0	0	0	0	0	0	0	0	0	0	0	0	0	0	0	0	0	0	0	0	0	0	0	0	0	0	0	0	0	0	0	
hsa:5550	0	0	0	0	0	0	0	0	0	0	0	0	0	0	0	0	0	0	0	0	0	0.4666666	0	0	0	0	0	0	0	0	0	0	0	0	0	0	0.45	0	0	0	0	0	0	0	0	0	0	0	0	0	
hsa:55512	0	0	0	0	0	0	0	0	0	0	0	0	0	0	0	0	0	0	0	0	0	0	0	0	0	0	0	0	0	0	0	0	0	0	0	0	0	0	0	0	0	0	0	0	0	0	0	0	0	0	
hsa:5562	0.524	0.588	0	0.63	0.726	0	0	0.5958332	0	0.534	0.554	0.47	0	0	0	0	0	0.458	0	0	0	0	0	0.578	0	0	0	0	0.53	0	0	0	0	0	0	0	0	0	0	0	0	0	0	0	0	0	0	0	0	0	
hsa:55775	0	0	0	0	0	0	0	0	0	0	0	0	0	0	0	0	0	0	0	0	0	0	0	0	0	0.4833333	0	0	0	0	0	0	0	0.4941176	0	0	0	0	0	0	0	0	0	0	0	0	0	0	0	0	
hsa:558	0.754	0.868	0.588	0.514	0.504	0.51	0.58	0.54375	0	0.628	0.596	0.574	0	0	0	0	0	0.496	0.51	0	0	0	0	0.582	0	0	0	0.54	0.795	0	0.552	0	0.507936444444	0	0	0	0.45	0	0	0	0	0	0.559829	0	0	0	0.6000002	0.4714286	0	0	
hsa:55811	0	0	0	0	0	0	0	0	0	0	0	0	0	0	0	0	0	0	0	0	0	0	0	0	0	0	0	0	0	0	0	0	0	0	0	0	0	0	0	0	0	0	0	0	0	0	0	0	0	0	
hsa:55902	0	0	0	0	0	0	0	0	0	0	0	0	0	0	0	0	0	0	0	0	0	0	0	0	0	0	0	0	0	0	0	0	0	0	0	0	0	0	0	0	0	0	0	0	0	0	0	0	0	0	
hsa:5594	0.46	0.502	0	0.754	0.756	0	0	0.6520832	0	0.516	0.514	0	0.73	0	0	0	0	0	0	0	0	0	0	0.55	0	0	0	0	0.45	0.537537444444	0	0	0	0	0	0	0	0.4944445	0	0	0	0	0	0	0	0	0	0	0	0	
hsa:5595	0.46	0.502	0	0.754	0.756	0	0	0.6520832	0	0.516	0.485	0	0.73	0	0	0	0	0	0	0	0	0	0	0.55	0	0	0	0	0.45	0.537537444444	0	0	0	0	0	0	0	0.4944445	0	0	0	0	0	0	0	0	0	0	0	0	
hsa:5596	0	0.54	0	0.756	0.698	0	0	0.6687499	0	0	0.452	0	0.4975	0	0.4693877	0	0	0	0	0	0	0	0	0.48	0	0	0	0	0.465	0.522522444444	0	0	0	0	0	0	0	0	0	0	0	0	0	0	0	0	0	0	0	0	
hsa:5597	0	0.502	0	0.756	0.674	0	0	0.6687499	0	0	0.466	0	0.4975	0	0.4693877	0	0	0	0	0	0	0	0	0.484	0	0	0	0	0.45	0.522522444444	0	0	0	0	0	0	0	0	0	0	0	0	0	0	0	0	0	0	0	0	
hsa:5598	0	0.548	0	0.692	0.756	0	0	0.6104166	0.4673913	0	0.472	0	0.73	0	0	0	0	0	0	0	0	0	0	0.542	0	0	0	0	0.465	0.540540444444	0	0	0	0	0	0	0	0	0	0	0	0	0	0	0	0	0	0	0	0	
hsa:5599	0	0.586	0	0.734	0.714	0	0	0.6645832	0	0.472	0.486	0.552	0.71	0	0	0	0	0	0	0	0	0	0	0.504	0	0	0	0	0.48	0.540540555556	0	0	0	0	0	0	0	0	0	0	0	0	0	0	0	0	0	0	0	0	
hsa:5600	0	0.58	0	0.634	0.682	0	0	0.5708332	0	0.484	0.452	0.498	0.73	0	0	0	0	0	0	0	0	0	0	0.548	0	0	0	0	0.48	0.537537555556	0	0	0	0	0	0	0	0	0	0	0	0	0	0	0	0	0	0	0	0	
hsa:5601	0	0.586	0	0.734	0.714	0	0	0.6645832	0	0.472	0.486	0.558	0.71	0	0	0	0	0	0	0	0	0	0	0.504	0	0	0	0	0.48	0.540540555556	0	0	0	0	0	0	0	0	0	0	0	0	0	0	0	0	0	0	0	0	
hsa:5602	0	0.586	0	0.734	0.714	0	0	0.6645832	0	0	0.486	0.558	0.71	0	0	0	0	0	0	0	0	0	0	0.504	0	0	0	0	0.48	0.546546555556	0	0	0	0	0	0	0	0	0	0	0	0	0	0	0	0	0	0	0	0	
hsa:5603	0	0.556	0	0.734	0.662	0	0	0.6645832	0	0.484	0.452	0.498	0.76	0	0	0	0	0	0	0	0	0	0	0.534	0	0	0	0	0.515	0.537537555556	0	0	0	0	0	0	0	0	0	0	0	0	0	0	0	0	0	0	0	0	
hsa:5604	0.458	0	0	0.464	0.716	0	0	0	0	0.486	0.5	0	0.575	0	0	0	0	0	0	0	0	0	0	0.506	0	0	0	0	0	0	0	0	0	0	0	0	0	0	0	0	0	0	0	0	0	0	0	0	0	0	
hsa:5605	0.458	0	0	0.464	0.716	0	0	0	0	0.486	0.484	0	0.645	0	0	0	0	0	0	0	0	0	0	0.506	0	0	0	0	0	0	0	0	0	0	0	0	0	0	0	0	0	0	0	0	0	0	0	0	0	0	
hsa:5606	0.566	0.48	0	0.49	0.686	0	0	0.4645833	0	0.524	0.48	0	0	0	0	0	0	0	0	0	0	0	0	0.596	0	0	0	0	0	0	0	0	0	0	0	0	0	0	0	0	0	0	0	0	0	0	0	0	0	0	
hsa:5607	0.528	0	0	0.502	0.668	0	0	0.475	0	0.47	0.502	0	0.6075	0	0.4734693	0	0	0	0	0	0	0	0	0.488	0	0	0	0	0	0	0	0	0	0	0	0	0	0.4833333	0	0	0	0	0	0	0	0	0	0	0	0	
hsa:5608	0.474	0.48	0	0.49	0.686	0	0	0.4645833	0	0.502	0.48	0	0	0	0	0	0	0	0	0	0	0	0	0.596	0	0	0	0	0	0	0	0	0	0	0	0	0	0	0	0	0	0	0	0	0	0	0.4789473	0	0	0	
hsa:5624	0	0	0	0	0	0	0	0	0.7130434	0	0	0	0	0.7399999	0	0	0	0	0	0	0	0	0	0	0	0	0	0	0	0.495495333333	0	0.5027027	0	0	0	0	0	0	0	0	0	0	0	0	0.6103447	0	0	0	0	0	
hsa:5625	0	0	0	0	0	0	0	0	0	0	0	0	0	0	0	0	0	0	0	0	0	0	0	0	0	0	0	0	0	0	0	0	0	0	0	0	0	0	0	0	0	0	0	0	0	0	0	0	0	0	
hsa:5645	0	0	0	0	0	0	0	0	0.7434782	0	0	0	0	0.5657142	0	0	0	0	0	0	0	0	0	0	0	0	0	0	0	0.537537333333	0	0.4648648	0	0	0	0	0	0	0	0	0	0	0	0	0.5827586	0	0	0	0	0	
hsa:5646	0	0	0	0	0	0	0	0	0.647826	0	0	0	0	0.6514285	0	0	0	0	0	0	0	0	0	0	0	0	0	0	0	0.540540444444	0	0.5513513	0	0	0	0	0	0	0	0	0	0	0	0	0.5827586	0	0	0	0	0	
hsa:5650	0	0	0	0	0	0	0	0	0.776087	0	0	0	0	0.7257142	0	0	0	0	0	0	0	0	0	0	0	0	0	0	0	0	0	0.5972973	0	0	0	0	0	0	0	0	0	0	0	0	0	0	0	0	0	0	
hsa:5651	0	0	0	0	0	0	0	0	0.7347826	0	0	0	0	0.5514286	0	0	0	0	0	0	0	0	0	0	0	0	0	0	0	0	0	0.4972973	0	0	0	0	0	0	0.4631578	0	0	0	0	0	0	0	0	0	0	0	
hsa:5657	0	0	0	0	0	0	0	0	0.7021739	0	0	0	0	0.6714285	0	0	0	0	0	0	0	0	0	0	0	0	0	0	0	0	0	0.527027	0	0	0	0	0	0	0	0	0	0	0	0	0.5827586	0	0	0	0	0	
hsa:56922	0	0	0	0	0	0	0	0	0	0	0	0	0	0	0	0	0	0	0	0.45	0	0	0	0	0	0	0	0	0	0	0	0	0	0	0	0	0	0	0	0	0	0	0	0	0	0	0	0	0	0	
hsa:57016	0	0	0	0	0	0	0	0	0	0	0	0	0	0	0	0	0	0	0	0	0	0	0	0	0	0	0	0	0	0	0	0	0	0	0	0	0	0	0	0	0	0	0	0	0	0	0	0	0	0	
hsa:57176	0	0	0	0	0	0	0	0	0	0	0	0	0	0	0	0	0.4791665	0	0	0	0	0	0	0	0	0	0	0	0	0	0	0	0	0	0	0	0	0.4944444	0	0	0	0	0	0	0	0	0	0	0	0	
hsa:5740	0	0.454	0	0	0	0	0	0	0	0	0	0	0	0	0	0	0	0	0	0	0	0	0	0	0	0	0	0	0	0	0	0	0	0	0	0	0	0	0	0	0	0	0	0	0	0.495	0	0	0	0	
hsa:5742	0	0	0	0	0	0	0	0	0	0	0	0	0	0	0	0	0	0	0	0	0	0	0	0	0	0	0	0	0	0	0	0	0	0	0	0	0	0	0	0	0	0	0	0	0	0	0	0	0	0	
hsa:5743	0	0	0	0	0	0	0	0	0	0	0	0	0	0	0	0	0	0	0	0	0	0	0	0	0	0	0	0	0	0	0	0	0	0	0	0	0	0	0	0	0	0	0	0	0	0	0	0	0	0	
hsa:5747	0.658	0.786	0.722	0.684	0.53	0.528	0	0.64375	0	0.524	0.586	0.562	0	0	0	0	0.5562499	0.488	0	0	0	0	0	0.52	0	0	0	0.52	0.73	0	0.49	0	0.495238	0	0	0	0	0	0	0	0	0	0.709401666667	0	0	0	0	0	0	0	
hsa:5754	0.724	0.776	0.6	0	0.478	0.512	0.56	0.4583333	0	0.55	0.576	0.528	0	0	0	0	0.5520832	0	0	0	0	0	0	0.452	0	0	0	0.546	0.79	0	0	0	0.517460222222	0	0	0	0	0	0	0	0	0	0.538461555556	0	0	0	0	0.552380933333	0	0	
hsa:57665	0	0	0	0	0	0	0	0	0	0	0	0	0	0	0	0	0	0	0	0	0	0	0.4666667	0	0	0	0	0	0	0	0	0	0	0	0	0	0	0	0	0	0	0	0	0	0	0	0	0	0	0	
hsa:58190	0	0	0	0	0	0	0	0	0	0	0	0	0	0	0	0	0	0	0	0	0	0	0	0	0	0	0	0	0	0	0	0	0	0	0	0	0	0	0	0	0	0	0	0	0	0	0	0	0	0	
hsa:5831	0	0	0	0	0	0	0	0	0	0	0	0	0	0	0	0	0	0	0	0	0	0	0	0	0	0	0	0	0	0	0	0	0	0	0	0	0	0	0	0	0	0.5458332	0	0	0	0	0	0	0	0	
hsa:5834	0	0	0	0	0	0	0	0	0	0	0	0	0	0	0	0	0	0	0	0	0	0	0	0	0	0	0	0	0	0	0	0	0	0	0	0	0	0	0	0	0	0	0	0	0	0	0	0	0	0	
hsa:5836	0	0	0	0	0	0	0	0	0	0	0	0	0	0	0	0	0	0	0	0	0	0	0	0	0	0	0	0	0	0	0	0	0	0	0	0.4888889	0	0.4888889	0	0	0	0	0	0	0	0	0	0	0	0	
hsa:5837	0	0	0	0	0	0	0	0	0	0	0	0	0	0	0	0	0	0	0	0	0	0	0	0	0	0	0	0	0	0	0	0	0	0	0	0	0	0	0	0	0	0	0	0	0	0	0	0	0	0	
hsa:586	0	0	0	0	0	0	0	0	0	0	0	0	0	0	0	0	0	0	0	0	0	0	0	0	0	0	0	0	0	0	0	0	0	0	0	0	0	0	0	0	0	0	0	0	0	0	0	0	0	0	
hsa:5860	0	0	0	0	0	0	0	0	0	0	0	0	0	0	0	0	0	0	0	0	0	0	0	0	0	0	0	0	0	0	0	0	0	0	0	0	0	0	0	0	0	0	0	0	0	0	0	0	0	0	
hsa:587	0	0	0	0	0	0	0	0	0	0	0	0	0	0	0	0	0	0	0	0	0	0	0	0	0	0	0	0	0	0	0	0	0	0	0	0	0	0	0	0	0	0	0	0	0	0	0	0	0	0	
hsa:590	0	0	0	0	0	0	0	0	0	0	0	0	0	0	0	0	0	0	0	0	0	0	0	0	0	0	0	0	0	0	0	0	0	0	0	0	0	0	0	0	0	0	0	0	0	0	0	0	0	0	
hsa:5972	0	0	0	0	0	0	0	0	0	0	0	0	0	0	0	0	0	0	0	0	0	0	0	0	0	0	0	0	0	0	0	0	0	0.5	0	0	0	0	0	0	0	0	0	0	0	0	0	0	0	0	
hsa:5979	0.838	0.892	0.628	0.692	0.626	0.546	0.554	0.6749999	0	0.644	0.6	0	0	0	0	0	0	0.638	0.562	0	0	0	0	0.6	0	0	0	0.467	0.79	0	0	0	0.501587333333	0	0.4888889	0	0	0	0	0	0	0	0.632478555556	0	0	0	0	0	0	0	
hsa:6098	0.756	0.868	0.682	0.798	0.578	0	0	0.6729166	0	0.576	0.674	0.562	0	0	0.5040817	0	0.5249999	0.632	0.556	0	0	0	0	0.582	0	0	0	0.506	0.795	0	0.516	0	0.479365	0	0	0	0	0	0	0	0	0	0.688034111111	0	0	0	0	0	0	0	
hsa:613	0	0.454	0	0	0	0	0	0	0	0	0	0	0	0	0	0	0	0	0	0	0	0	0.4555555	0	0	0	0.5	0	0	0	0	0	0	0.4764705	0	0	0	0	0	0	0	0	0	0	0	0	0	0	0	0	
hsa:6240	0	0	0	0	0	0	0	0	0	0	0	0	0	0	0	0	0	0	0	0	0	0	0	0	0	0	0	0	0	0	0	0	0	0	0	0	0	0	0	0	0	0	0	0	0	0	0	0	0	0	
hsa:6241	0	0	0	0	0	0	0	0	0	0	0	0	0	0	0	0	0	0	0	0	0	0	0	0	0	0	0	0	0	0	0	0	0	0	0	0	0	0	0	0	0	0	0	0	0	0	0	0	0	0	
hsa:6259	0.7	0.768	0.592	0.53	0	0	0.638	0.4708332	0	0.598	0	0	0	0	0	0	0.4749999	0	0.52	0	0	0	0	0	0	0	0	0.54	0.74	0	0	0	0	0	0	0	0	0	0	0	0	0	0.653846111111	0	0	0	0	0	0	0	
hsa:6300	0	0.548	0	0.734	0.662	0	0	0.6645832	0	0.484	0.452	0.498	0.76	0	0	0	0	0	0	0	0	0	0	0.538	0	0	0	0	0.465	0.537537555556	0	0	0	0	0	0	0	0	0	0	0	0	0	0	0	0	0	0	0	0	
hsa:63036	0	0	0	0	0	0	0	0	0.7130435	0	0	0	0	0.7114285	0	0	0	0	0	0	0	0	0	0	0	0	0	0	0	0	0	0.5189189	0	0	0	0	0	0	0	0	0	0	0	0	0.6103448	0	0	0	0	0	
hsa:635	0	0	0	0	0	0	0	0	0	0	0	0	0	0	0	0	0	0	0	0	0	0	0	0	0	0	0	0	0	0	0	0	0	0	0	0	0	0	0	0	0	0	0	0	0	0	0	0	0	0	
hsa:63904	0	0	0	0	0	0	0	0	0	0	0	0	0	0	0	0	0	0	0	0	0	0	0	0	0	0	0	0	0	0	0	0	0	0	0	0	0	0	0	0	0	0.6916667	0	0	0	0	0	0	0	0	
hsa:64087	0	0	0	0	0	0	0	0	0	0	0	0	0	0	0	0	0	0	0	0	0	0	0	0	0	0	0	0	0	0	0	0	0	0	0	0	0	0	0	0	0	0	0	0	0	0	0	0	0	0	
hsa:6416	0.6	0.486	0	0.464	0.714	0	0	0	0	0.564	0.47	0	0.455	0	0	0	0	0	0	0	0	0	0	0.556	0	0	0	0	0	0	0	0	0	0	0	0	0	0	0	0	0	0	0	0	0	0	0	0	0	0	
hsa:64499	0	0	0	0	0	0	0	0	0.7978261	0	0	0	0	0.7599999	0	0	0	0	0	0	0	0	0	0	0	0	0	0	0	0.552552444444	0	0.5864865	0	0	0	0	0	0	0	0	0	0	0	0	0.5724137	0	0	0	0	0	
hsa:645	0	0	0	0	0	0	0	0	0	0	0	0	0	0	0	0	0	0	0	0	0	0	0	0	0	0	0	0	0	0	0	0	0	0	0	0	0	0	0	0	0	0	0	0	0	0	0	0	0	0	
hsa:64600	0	0	0	0	0	0	0	0	0	0	0	0	0	0	0	0	0	0	0	0	0	0	0	0	0	0	0	0	0	0	0	0	0	0	0	0	0	0	0	0	0	0	0	0	0	0	0	0	0	0	
hsa:64802	0	0	0	0	0	0	0	0	0	0	0	0	0	0	0	0	0	0	0	0	0	0	0	0	0	0	0	0	0	0	0	0	0	0	0	0	0	0	0	0	0	0	0	0	0	0	0	0	0	0	
hsa:64816	0	0	0	0	0	0	0	0	0	0	0	0	0	0	0	0.6212766	0	0	0	0	0	0	0	0	0	0	0	0	0	0	0	0	0	0	0	0	0	0.4944444	0	0	0	0	0	0	0	0.54	0	0	0	0.5285714	
hsa:64850	0	0	0	0	0	0	0	0	0	0	0	0	0	0	0	0	0	0	0	0	0	0	0	0	0	0	0	0	0	0	0	0	0	0	0	0	0	0	0	0	0	0	0	0	0	0	0	0	0	0	
hsa:64902	0	0	0	0	0	0	0	0	0	0	0	0	0	0	0	0	0	0	0	0	0	0	0	0	0	0	0.45	0	0	0	0	0	0	0	0	0	0	0	0	0	0	0	0	0	0	0	0	0	0	0	
hsa:657	0.468	0.54	0	0.49	0.716	0	0	0	0	0.456	0.524	0	0.6375	0	0	0	0	0	0	0	0	0	0	0.478	0.5727271	0	0	0	0.46	0	0	0	0.488888777778	0	0	0	0	0	0	0	0	0	0	0	0	0	0	0	0	0	
hsa:658	0.53	0.54	0	0.49	0.716	0	0	0	0.4760869	0.48	0.564	0	0.56	0	0	0	0	0	0	0	0	0	0	0.488	0.5727271	0	0	0	0.46	0	0	0	0.476190444444	0	0	0	0	0	0	0	0	0	0	0	0	0	0	0	0	0	
hsa:660	0.704	0.868	0.602	0.592	0.578	0.488	0	0.6104167	0	0.536	0.57	0	0	0	0.5244898	0	0	0.582	0.594	0	0	0	0	0.576	0	0	0	0.55	0.795	0	0	0	0	0.5	0	0	0	0	0	0	0	0	0.568376	0	0	0	0	0	0	0	
hsa:6609	0	0	0	0	0	0	0	0	0	0	0	0	0	0	0	0	0	0	0	0	0	0	0	0	0	0	0	0	0	0	0	0	0	0	0	0	0	0	0	0	0	0	0	0	0	0	0.4736841	0	0	0	
hsa:6610	0	0	0	0	0	0	0	0	0	0	0	0	0	0	0	0	0	0	0	0	0	0	0	0	0	0	0	0	0	0	0	0	0	0	0	0	0	0	0	0	0	0	0	0	0	0	0	0	0	0	
hsa:6646	0	0	0	0	0	0	0	0	0	0	0	0	0	0	0	0	0	0	0	0	0	0	0	0	0	0	0	0	0	0	0	0	0	0	0	0	0	0	0	0	0	0	0	0	0	0	0	0	0	0	
hsa:6652	0	0	0	0	0	0	0	0	0	0	0	0	0	0	0	0	0	0	0	0	0	0	0	0	0	0	0	0	0	0	0	0	0	0	0	0	0	0	0	0	0	0	0	0	0	0	0	0	0	0	
hsa:670	0	0	0	0	0	0	0	0	0	0	0	0	0	0	0	0	0	0	0	0	0	0	0	0	0	0	0	0	0	0	0	0	0	0	0	0	0	0	0	0	0	0	0	0	0	0	0.5078947	0	0	0	
hsa:6713	0	0	0	0	0	0	0	0	0	0	0	0	0	0	0	0	0	0	0	0	0	0	0	0	0	0	0	0	0	0	0	0	0	0.5058823	0	0	0	0.4777778	0	0	0	0	0	0	0	0	0	0	0	0	
hsa:6714	0.722	0.692	0.7	0.724	0.65	0	0.58	0.6708333	0	0.588	0.652	0	0	0	0.5816327	0	0.5687499	0.632	0.45	0	0	0	0	0.546	0	0	0	0.556	0.59	0	0.556	0	0.517460222222	0	0	0	0	0	0	0	0	0	0.576923111111	0	0	0	0	0	0	0	
hsa:6716	0	0	0	0	0	0	0	0	0	0	0	0	0	0	0	0	0	0	0	0	0	0	0	0	0	0	0	0	0	0	0	0	0	0	0	0	0	0	0	0	0	0	0	0	0	0	0	0	0	0	
hsa:6725	0.742	0.886	0.706	0.724	0.596	0.564	0.632	0.6708333	0	0.598	0.662	0	0	0	0.5408163	0	0.5812499	0.468	0.556	0	0	0	0.4611111	0.57	0	0	0	0.546	0.79	0	0	0	0.520634888889	0.4705882	0	0	0	0	0	0	0	0	0.555555555556	0	0	0	0	0	0	0	
hsa:6768	0	0	0	0	0	0	0	0	0.7326087	0	0	0	0	0.58	0	0	0	0	0	0	0	0	0	0	0	0	0	0	0	0.540540444444	0	0.4837838	0	0	0	0	0	0	0	0	0	0	0	0	0	0	0	0	0	0	
hsa:6799	0	0	0	0	0	0	0	0	0	0	0	0	0	0	0	0	0	0	0	0	0	0	0	0	0	0	0	0	0	0	0	0	0	0	0	0	0	0	0	0	0	0	0	0	0	0	0	0	0	0	
hsa:683	0	0	0	0	0	0	0	0	0	0	0	0	0	0	0	0	0	0	0	0	0	0	0	0	0	0	0	0	0	0	0	0	0	0	0	0	0	0	0	0	0	0	0	0	0	0	0	0	0	0	
hsa:686	0	0	0	0	0	0	0	0	0	0	0	0	0	0	0	0	0	0	0	0	0	0	0	0	0	0	0	0	0	0	0	0	0	0	0	0	0	0	0	0	0	0	0	0	0	0	0	0	0	0	
hsa:6897	0	0	0	0	0	0	0	0	0	0	0	0	0	0	0	0	0	0	0	0	0	0	0	0	0	0	0	0	0	0	0	0	0	0	0	0	0	0	0	0	0	0	0	0	0	0	0	0	0	0	
hsa:6898	0	0	0	0	0	0	0	0	0	0	0	0	0	0	0	0	0	0	0	0	0	0	0	0	0	0	0	0	0	0	0	0	0	0	0	0	0	0	0	0	0	0	0	0	0	0	0	0	0	0	
hsa:695	0.632	0.822	0.514	0.668	0.578	0.494	0	0.7020833	0	0.528	0.564	0	0	0	0.5510204	0	0	0.566	0.568	0	0	0	0	0.564	0	0	0	0	0.78	0	0.48	0	0	0	0	0	0	0	0	0	0	0	0.555555444444	0	0	0	0	0	0	0	
hsa:7006	0.808	0.868	0.508	0.654	0.578	0.49	0.498	0.6375	0	0.612	0.556	0.468	0	0	0.5897959	0	0	0.486	0	0	0	0	0	0.572	0	0	0	0.526	0.795	0	0.488	0	0.476190444444	0	0	0	0	0	0	0	0	0	0.555555444444	0	0	0.4675	0	0	0	0	
hsa:7010	0.788	0.884	0.596	0.728	0.626	0.576	0.536	0.6687499	0	0.61	0.574	0.652	0	0	0	0	0.4604166	0	0.586	0	0	0	0	0.5	0	0	0	0.53	0.74	0	0	0	0.504762	0	0	0	0	0	0	0	0	0	0.632478555556	0	0	0	0	0	0	0	
hsa:7015	0	0	0	0	0	0	0	0	0	0	0	0	0	0	0	0	0	0	0	0	0	0	0	0	0	0	0	0	0	0	0	0	0	0	0	0	0	0.4888889	0	0	0	0	0	0	0	0	0.4894737	0	0	0	
hsa:7046	0	0.54	0	0.49	0.716	0	0	0	0	0	0.652	0	0.6375	0	0	0	0	0	0	0	0	0	0	0.496	0.4636362	0	0	0	0.46	0	0	0	0	0.4529411	0	0	0	0	0	0	0	0	0	0	0	0	0	0	0	0	
hsa:7054	0	0	0	0	0	0	0	0	0	0	0	0	0	0	0	0	0	0	0	0	0	0	0	0	0	0	0	0	0	0	0	0	0	0	0	0	0	0	0	0.53	0	0	0	0	0	0	0	0	0	0	
hsa:7075	0.838	0.878	0.596	0.724	0.596	0.584	0.482	0.6583332	0	0.644	0.574	0.652	0	0	0	0	0	0.518	0.586	0	0	0	0	0.534	0	0	0	0.506	0.74	0	0	0	0.523809555556	0	0	0	0	0.45	0	0	0	0	0.632478555556	0	0	0	0	0	0	0	
hsa:7083	0	0	0	0	0	0	0	0	0	0	0	0	0	0	0	0	0	0	0	0	0	0	0	0	0	0	0	0	0	0	0	0	0	0	0	0	0	0	0	0	0	0	0	0	0	0	0.4947367	0	0	0	
hsa:7084	0	0	0	0	0	0	0	0	0	0	0	0	0	0	0	0	0	0	0	0	0	0	0	0	0	0	0	0	0	0	0	0	0	0	0	0	0	0	0	0	0	0	0	0	0	0	0	0	0	0	
hsa:7150	0	0	0	0.456	0	0	0	0	0	0	0	0	0	0	0	0	0	0	0	0	0	0	0	0	0	0	0	0	0	0	0	0	0	0	0	0	0	0	0	0	0	0	0	0	0	0	0	0	0	0	
hsa:7153	0	0	0	0	0	0	0	0	0	0	0	0	0	0	0	0	0	0	0	0	0	0	0	0	0	0.4611111	0	0	0	0	0	0	0	0	0	0	0	0	0	0	0	0	0	0	0	0	0	0	0	0	
hsa:7155	0	0	0	0	0	0	0	0	0	0	0	0	0	0	0	0	0	0	0	0	0	0	0	0	0	0.4611111	0	0	0	0	0	0	0	0	0	0	0	0	0	0	0	0	0	0	0	0	0	0	0	0	
hsa:7156	0	0	0	0	0	0	0	0	0	0	0	0	0	0	0	0	0	0	0	0	0	0	0	0	0	0	0	0	0	0	0	0	0	0	0	0	0	0.4777778	0	0	0	0	0	0	0	0	0	0	0	0	
hsa:7172	0	0	0	0	0	0	0	0	0	0	0	0	0	0	0	0	0	0	0	0	0	0	0	0	0	0	0	0	0	0	0	0	0	0	0	0	0	0	0	0	0	0	0	0	0	0	0	0	0	0	
hsa:7173	0	0	0	0	0	0	0	0	0	0	0	0	0	0	0	0	0	0	0	0	0	0	0	0	0	0	0	0	0	0	0	0	0	0	0	0	0	0	0	0	0	0	0	0	0	0	0	0	0	0	
hsa:7174	0	0	0	0	0	0	0	0	0	0	0	0	0	0	0	0	0	0	0	0	0	0	0	0	0	0	0	0	0	0	0	0	0	0.4647058	0	0	0	0	0	0	0	0	0	0	0	0	0	0	0	0	
hsa:7294	0.808	0.868	0.504	0.656	0.578	0.462	0.512	0.6145833	0	0.612	0.568	0	0	0	0.6285714	0	0	0.456	0	0	0	0	0	0.538	0	0	0	0.56	0.795	0	0.488	0	0	0	0	0	0	0	0	0	0	0	0.576923	0	0	0	0	0	0	0	
hsa:7297	0.692	0.878	0.519	0.702	0.596	0.546	0.512	0.6208333	0	0.622	0.576	0	0	0	0	0	0.5437498	0.566	0	0	0.4833333	0	0.4611111	0.588	0	0	0	0.5	0.74	0	0	0	0.479365111111	0.4647058	0	0	0.5	0	0	0	0	0	0.521367444444	0	0	0	0	0	0	0	
hsa:7298	0	0	0	0	0	0	0	0	0	0	0	0	0	0	0	0	0	0	0	0	0	0	0	0	0	0	0	0	0	0	0	0	0	0	0	0	0	0	0	0	0	0	0	0	0	0	0	0	0	0	
hsa:7299	0	0	0	0	0	0	0	0	0	0	0	0	0	0	0	0	0	0	0	0	0	0	0	0	0	0	0	0	0	0	0	0	0	0	0	0	0	0	0	0	0	0	0	0	0	0	0	0	0	0	
hsa:7301	0.67	0.868	0.582	0.61	0.504	0.53	0.568	0.5958333	0	0.566	0.588	0	0	0	0	0	0	0.596	0.536	0	0	0	0.47777775	0.554	0	0	0	0.514	0.795	0	0.542	0	0.488888888889	0	0	0	0	0.4888889	0	0	0	0	0.585470111111	0	0	0	0	0.4642858	0	0	
hsa:7363	0	0	0	0	0	0	0	0	0	0	0	0	0	0	0	0	0	0	0	0.9388889	0.9055554	0.6851852	0.9333333	0	0.7999999	0.761111	0.7888889	0	0	0	0	0	0	0.9470587	0	0.7666667	0.8166666	0.8333334	0.6999999	0	0.7666666	0	0	0	0	0	0.8421051	0	0	0	
hsa:7364	0	0	0	0	0	0	0	0	0	0	0	0	0	0	0	0	0	0	0	0.9388889	0.9055554	0.6851852	0.9333333	0	0.7590908	0.8277777	0.7888889	0	0	0	0	0	0	0.9470587	0	0.7833333	0.761111	0.8444444	0.7210525	0	0.7333333	0	0	0	0	0	0.8157894	0	0	0	
hsa:7365	0	0	0	0	0	0	0	0	0	0	0	0	0	0	0	0	0	0	0	0.69444445	0.8388888	0.6851852	0.9333333	0	0.7999999	0.8777777	0.7888889	0	0	0	0	0	0	0.9470587	0	0.7666666	0.761111	0.9222222	0.7210525	0	0.7999999	0	0	0	0	0	0.8421051	0	0	0	
hsa:7366	0	0	0	0	0	0	0	0	0	0	0	0	0	0	0	0	0	0	0	0.9388889	0.811111	0.6777778	0.9555555	0	0.7590908	0.7555555	0.7888889	0	0	0	0	0	0	0.8999999	0	0.7611111	0.7277778	0.8444444	0.7210525	0	0.6611111	0	0	0	0	0	0.8210525	0	0	0	
hsa:7367	0	0	0	0	0	0	0	0	0	0	0	0	0	0	0	0	0	0	0	0.9388889	0.811111	0.6777778	0.9555555	0	0.7590908	0.8055555	0.7888889	0	0	0	0	0	0	0.8999999	0	0.7611111	0.8166666	0.8444444	0.7210525	0	0.6611111	0	0	0	0	0	0.8210525	0	0	0	
hsa:7371	0	0	0	0	0	0	0	0	0	0	0	0	0	0	0	0	0	0	0	0	0	0	0	0	0	0	0	0	0	0	0	0	0	0	0	0	0	0	0	0	0	0	0	0	0	0	0	0	0	0	
hsa:7372	0	0	0	0	0	0	0	0	0	0	0	0	0	0	0	0	0	0	0	0	0	0	0	0	0	0	0	0	0	0	0	0	0	0.5647058	0	0	0	0	0	0	0	0	0	0	0	0	0	0	0	0	
hsa:7378	0	0	0	0	0	0	0	0	0	0	0	0	0	0	0	0	0	0	0	0	0	0	0	0	0	0	0	0	0	0	0	0	0	0	0	0	0.4722222	0	0	0	0	0	0	0	0	0	0	0	0	0	
hsa:7453	0	0	0	0	0	0	0	0	0	0	0	0	0	0	0	0	0	0	0	0	0	0	0	0	0	0	0	0	0	0	0	0	0	0	0	0	0	0	0	0	0	0	0	0	0	0	0	0	0	0	
hsa:7498	0	0	0	0	0	0	0	0	0	0	0	0	0	0	0	0	0	0	0	0	0	0	0	0	0	0	0	0	0	0	0	0	0	0	0	0	0	0	0	0	0	0	0	0	0	0	0	0	0	0	
hsa:7525	0.658	0.684	0.7	0.788	0.65	0	0.582	0.6749999	0	0.532	0.652	0	0	0	0.5612245	0	0.5729165	0.632	0.462	0	0	0	0	0.546	0	0	0	0.528	0.54	0	0.574	0	0.530158666667	0.4823529	0	0	0	0	0	0	0	0	0.576923111111	0	0	0	0	0	0	0	
hsa:7535	0.704	0.886	0.62	0.59	0.596	0.56	0.542	0.6354166	0	0.594	0.554	0.488	0	0	0	0	0.4749999	0.586	0.518	0	0	0	0	0.56	0	0	0	0	0.79	0	0	0	0.520634888889	0	0	0	0	0	0	0	0	0	0.517094	0	0	0	0	0	0	0	
hsa:759	0	0	0	0	0	0	0	0	0	0	0	0	0	0	0	0	0	0	0	0	0	0	0	0	0	0	0	0	0	0	0	0	0	0	0	0	0	0	0	0	0	0	0	0	0	0	0	0	0	0	
hsa:760	0	0	0	0.494	0	0	0	0	0	0	0	0	0	0	0	0	0	0	0	0	0	0	0	0	0	0	0	0	0	0	0	0	0	0	0	0	0	0	0	0	0	0	0	0	0	0	0	0	0	0	
hsa:761	0	0	0	0	0	0	0	0	0	0	0	0	0	0	0	0	0	0	0	0	0	0	0	0	0	0	0	0	0	0	0	0	0	0	0	0	0	0	0	0	0	0	0	0	0	0	0	0	0	0	
hsa:762	0	0	0	0	0	0	0	0	0	0	0	0	0	0	0	0	0	0	0	0	0	0	0	0	0	0	0	0	0	0	0	0	0	0	0	0	0	0	0	0	0	0	0	0	0	0	0	0	0	0	
hsa:763	0	0	0	0	0	0	0	0	0.5282609	0	0	0	0	0	0	0	0	0	0	0	0	0	0	0	0	0	0	0	0	0	0	0	0	0	0	0	0	0	0	0	0	0	0	0	0	0	0	0	0	0	
hsa:765	0	0	0	0	0	0	0	0	0	0	0	0	0	0	0	0	0	0	0	0	0	0	0.4944444	0	0	0	0	0	0	0	0	0	0	0	0	0	0	0	0	0	0	0	0	0	0	0	0	0	0	0	
hsa:766	0	0	0	0	0	0	0	0	0	0	0	0	0	0	0	0	0	0	0	0	0	0	0	0	0	0	0	0	0	0	0	0	0	0	0	0	0	0	0	0	0	0	0	0	0	0	0	0	0	0	
hsa:767	0	0	0	0	0	0	0	0	0	0	0	0	0	0	0	0	0	0	0	0	0	0	0	0	0	0	0	0	0	0	0	0	0	0	0	0	0	0	0	0	0	0	0	0	0	0	0	0	0	0	
hsa:768	0	0	0	0	0	0	0	0	0	0	0	0	0	0	0	0	0	0	0	0	0	0	0	0	0	0	0	0	0	0	0	0	0	0	0	0	0	0	0	0	0	0	0	0	0	0	0	0	0	0	
hsa:771	0	0	0	0	0	0	0	0	0	0	0	0	0	0	0	0	0	0	0	0	0	0	0	0	0	0	0	0	0	0	0	0	0	0	0	0	0	0	0	0	0	0	0	0	0	0	0	0	0	0	
hsa:780	0.7	0.78	0.564	0.672	0.562	0.54	0.646	0.5999999	0	0.598	0.66	0.63	0	0	0	0	0	0.532	0	0	0	0	0	0.574	0	0	0	0	0.82	0	0.488	0	0.546031666667	0	0	0	0	0	0	0	0	0	0.589743555556	0	0	0	0	0	0	0	
hsa:79001	0	0	0	0	0	0	0	0	0	0	0	0	0	0	0	0	0	0	0	0	0	0	0	0	0	0	0	0	0	0	0	0	0	0.4705882	0	0	0	0	0	0	0	0	0	0	0	0	0	0	0	0	
hsa:7957	0	0	0	0	0	0	0	0	0	0	0	0	0	0	0	0	0	0	0	0	0	0	0.4555555	0	0	0	0	0	0	0	0	0	0	0	0	0	0	0	0	0	0	0.7125	0	0	0	0	0	0	0	0	
hsa:79799	0	0	0	0	0	0	0	0	0	0	0	0	0	0	0	0	0	0	0	0.9388889	0.7277778	0.6703704	0.9333333	0	0.7681817	0.7000001	0.8111111	0	0	0	0	0	0	0.7176472	0	0.6833335	0.8166666	0.6861111	0.6736841	0	0.6777778	0	0	0	0	0	0.5657894	0	0	0	
hsa:80339	0	0	0	0	0	0	0	0	0	0	0	0	0	0	0	0	0	0	0	0	0	0	0	0	0	0	0	0	0	0	0	0	0	0	0	0	0	0	0	0	0	0	0	0	0	0	0	0	0	0	
hsa:80824	0	0	0	0	0	0	0	0	0	0	0	0	0	0	0	0	0	0	0	0	0	0	0	0	0	0	0	0	0	0	0	0	0	0	0	0	0	0	0	0	0	0.775	0	0	0	0	0	0	0	0	
hsa:81579	0	0	0	0	0	0	0	0	0	0	0	0	0	0	0	0	0	0	0	0	0	0	0	0	0	0	0	0	0	0	0	0	0	0	0	0	0	0	0	0	0	0	0	0	0	0	0	0	0	0	
hsa:8192	0	0	0	0	0	0	0	0	0	0	0	0	0	0	0	0	0	0	0	0	0	0	0	0	0	0	0	0	0	0	0	0	0	0	0	0	0	0	0	0	0	0	0	0	0	0	0	0	0	0	
hsa:8288	0	0.544	0	0	0	0	0	0	0	0	0	0	0	0	0	0	0	0	0	0	0	0	0	0	0	0	0	0	0.45	0	0	0	0	0	0	0	0	0.4888889	0	0	0	0	0	0	0	0	0	0	0	0	
hsa:834	0	0	0	0	0	0	0	0	0	0	0	0	0	0	0	0	0	0	0	0	0	0	0	0	0	0	0	0	0	0	0	0	0	0	0	0	0	0	0	0	0	0	0	0	0	0	0	0	0	0	
hsa:8398	0	0	0	0	0	0	0	0	0	0	0	0	0	0	0	0	0	0	0	0	0	0	0	0	0	0	0	0	0	0	0	0	0	0.48823525	0	0	0	0	0	0	0	0	0	0	0	0	0	0	0	0	
hsa:8399	0	0	0	0	0	0	0	0	0	0	0	0	0	0	0	0	0	0	0	0	0	0	0	0	0	0	0	0	0	0	0	0	0	0	0	0	0	0	0	0	0	0	0	0	0	0	0	0	0	0	
hsa:84152	0	0	0	0	0	0	0	0	0	0	0	0	0	0	0	0	0	0	0	0	0	0	0	0	0	0	0	0	0	0	0	0	0	0	0	0	0	0	0	0	0	0	0	0	0	0	0	0	0	0	
hsa:84171	0	0	0	0	0	0	0	0	0	0	0	0	0	0	0	0	0	0	0	0	0	0	0	0	0	0	0	0	0	0	0	0	0	0	0	0	0	0	0	0	0	0.4833334	0	0	0	0	0	0	0	0	
hsa:8435	0	0	0	0	0	0	0	0	0	0	0	0	0	0	0	0	0	0	0	0	0	0	0	0	0	0	0	0	0	0	0	0	0	0	0	0	0	0	0	0	0	0	0	0	0	0	0	0	0	0	
hsa:84532	0	0	0	0	0	0	0	0	0	0	0	0	0	0	0	0	0	0	0	0	0	0	0	0	0	0	0	0	0	0	0	0	0	0.5529411	0	0	0	0	0	0	0	0	0	0	0	0	0	0	0.4615385	0	
hsa:84618	0	0	0	0	0	0	0	0	0	0	0	0	0	0	0	0	0	0	0	0	0	0	0	0	0	0	0	0	0	0	0	0	0	0	0	0	0	0	0	0	0	0	0	0	0	0	0	0	0	0	
hsa:84695	0	0	0	0	0	0	0	0	0	0	0	0	0	0	0	0	0	0	0	0	0	0	0	0	0	0	0	0	0	0	0	0	0	0	0	0	0	0.4777778	0	0	0	0	0	0	0	0	0	0	0	0	
hsa:84706	0	0	0	0	0	0	0	0	0	0	0	0	0	0	0	0	0	0	0	0	0	0	0	0	0	0	0	0	0	0	0	0	0	0	0	0	0	0	0	0	0	0	0	0	0	0	0	0	0	0	
hsa:84812	0	0	0	0	0	0	0	0	0.4717391	0	0	0	0	0	0	0	0	0	0	0	0	0	0	0	0	0	0	0	0	0	0	0	0	0	0	0	0	0	0	0	0	0	0	0	0	0	0	0	0	0	
hsa:8513	0	0	0	0	0	0	0	0	0	0	0	0	0	0	0	0	0	0	0	0	0	0	0	0	0	0	0	0	0	0	0	0	0	0	0	0	0	0	0	0	0	0	0	0	0	0	0	0	0	0	
hsa:8529	0	0	0	0	0	0	0	0	0	0	0	0	0	0	0	0.6361702	0	0	0	0	0.4888888	0	0	0	0	0	0	0	0	0	0	0	0	0	0	0	0	0	0	0	0	0	0	0	0	0	0	0	0	0.4809525	
hsa:85313	0	0	0	0	0	0	0	0	0	0	0	0	0	0	0	0	0	0	0	0.4888889	0	0	0	0	0	0	0	0	0	0	0	0	0	0	0	0	0	0	0	0	0	0	0	0	0	0	0	0	0	0	
hsa:8555	0	0	0	0	0	0	0	0	0	0	0	0	0	0	0	0	0	0	0	0	0	0	0	0	0	0	0	0	0	0	0	0	0	0	0	0	0	0	0	0	0	0.6	0	0	0	0	0	0	0	0	
hsa:8556	0	0	0	0	0	0	0	0	0	0	0	0	0	0	0	0	0	0	0	0	0	0	0	0	0	0	0	0	0	0	0	0	0	0	0	0	0	0	0	0	0	0.6	0	0	0	0	0	0	0	0	
hsa:8558	0	0.548	0	0.748	0.694	0	0	0.6374999	0	0	0.506	0.544	0.7475	0	0	0	0	0	0	0	0	0	0	0.526	0	0	0	0	0.47	0.519519444444	0	0	0	0	0	0	0	0	0	0	0	0	0	0	0	0	0.4789473	0	0	0	
hsa:8622	0	0	0	0	0	0	0	0	0	0	0	0	0	0	0	0	0	0	0	0	0	0	0	0	0	0	0	0	0	0	0	0	0	0	0	0	0	0	0	0.7	0	0	0	0.7277778	0	0	0	0	0	0	
hsa:8654	0	0	0	0	0	0	0	0	0	0	0	0	0	0	0	0	0	0	0	0	0	0	0	0	0	0	0	0	0	0	0	0	0	0	0	0	0	0	0	0.72	0	0	0	0.6111112	0	0	0.4789473	0	0	0	
hsa:8836	0	0	0	0	0	0	0	0	0	0	0	0	0	0	0	0	0	0	0	0	0	0	0	0	0	0	0	0	0	0	0	0	0	0	0	0	0	0	0	0	0	0	0	0	0	0	0	0	0	0	
hsa:8854	0	0	0	0	0	0	0	0	0	0	0	0	0	0	0	0	0	0	0	0	0	0	0	0	0	0	0	0	0	0	0	0	0	0.5117647	0	0	0	0	0	0	0	0	0	0	0	0	0	0	0	0	
hsa:8940	0	0	0	0	0	0	0	0	0	0	0	0	0	0	0	0	0	0	0	0	0	0	0	0	0	0	0	0	0	0	0	0	0	0	0	0	0	0	0	0	0	0	0	0	0	0	0	0	0	0	
hsa:8972	0	0	0	0	0	0	0	0	0	0	0	0	0	0	0	0	0	0	0	0	0	0	0	0	0	0	0	0	0	0	0	0	0	0	0	0.4555556	0	0	0	0	0	0	0	0	0	0	0	0	0	0	
hsa:90	0.58	0.54	0	0.49	0.716	0	0	0	0	0.524	0.524	0	0.6375	0	0	0	0	0	0	0	0	0	0	0.468	0	0	0	0	0.46	0	0	0	0.514285555556	0	0	0	0	0	0	0	0	0	0	0	0	0	0	0	0	0	
hsa:9023	0	0	0	0	0	0	0	0	0	0	0	0	0	0	0	0	0	0	0	0	0	0	0	0	0	0	0	0	0	0	0	0	0	0	0	0	0	0	0	0	0	0	0	0	0	0	0	0	0	0	
hsa:9088	0	0	0	0.53	0.534	0	0	0.5166667	0	0	0.558	0	0	0	0	0	0	0	0	0	0	0	0	0.514	0	0	0	0	0	0	0	0	0	0.5235294	0	0	0	0	0	0	0	0	0	0	0	0	0	0	0	0	
hsa:91	0	0.54	0	0.49	0.716	0	0	0	0	0	0.652	0	0.6375	0	0	0	0	0	0	0	0	0	0	0.494	0.4636362	0	0	0	0.46	0	0	0	0	0	0	0	0	0	0	0	0	0	0	0	0	0	0	0	0	0	
hsa:91039	0	0	0	0	0	0	0	0	0	0	0	0	0	0	0	0	0	0	0	0	0	0	0	0	0	0	0	0	0	0	0	0	0	0	0	0	0	0	0	0	0	0	0	0	0	0	0	0	0	0	
hsa:9150	0	0	0	0	0	0	0	0	0	0	0	0	0	0	0	0	0	0	0	0	0	0	0	0	0	0	0	0	0	0	0	0	0	0.4647058	0	0	0	0	0	0	0	0	0	0	0	0	0	0	0	0	
hsa:93	0	0	0	0.516	0.616	0	0	0.4583333	0	0	0	0	0.6575	0	0	0	0	0	0	0	0	0	0	0	0	0	0	0	0	0	0	0	0	0	0	0	0	0	0	0	0	0	0	0	0	0	0	0	0.5	0	
hsa:93650	0	0	0	0	0	0	0	0	0	0	0	0	0	0	0	0	0	0	0	0	0	0	0	0	0	0	0	0	0	0	0	0	0	0	0	0	0	0	0	0	0	0	0	0	0	0	0	0	0	0	
hsa:9388	0	0	0	0	0	0	0	0	0	0	0	0	0	0	0	0	0	0	0	0	0	0	0	0	0	0	0	0	0	0	0	0	0	0	0	0	0	0	0	0	0	0	0	0	0	0	0	0	0	0	
hsa:94	0.58	0.534	0	0.49	0.608	0	0	0	0	0.524	0.524	0	0.6375	0	0	0	0	0	0	0	0	0	0	0.468	0.4681817	0	0	0	0.485	0	0	0	0.479365	0	0	0	0	0	0	0	0	0	0	0	0	0	0	0	0	0	
hsa:9420	0	0	0	0	0	0	0	0	0	0	0	0	0	0	0	0	0	0	0	0	0	0	0	0	0	0	0	0	0	0	0	0	0	0	0	0	0	0.4777778	0	0	0	0	0	0	0	0.45	0	0	0	0	
hsa:9563	0	0	0	0	0	0	0	0	0.4695652	0	0	0	0	0	0	0	0	0	0	0.4888889	0	0	0	0	0	0	0	0	0	0	0	0	0	0	0	0	0	0	0	0	0	0	0	0	0	0	0	0	0	0	
hsa:9601	0	0	0	0	0	0	0	0	0	0	0	0	0	0	0	0	0	0	0	0	0	0	0	0	0	0	0	0	0	0	0	0	0	0	0	0	0	0	0	0	0	0	0	0	0	0	0	0	0	0	
hsa:9641	0.524	0.494	0	0.584	0.614	0	0	0.5145833	0	0.52	0	0.502	0	0	0	0	0	0	0	0	0	0	0	0	0	0	0	0	0.47	0	0	0	0	0.4705882	0	0	0	0	0	0	0	0	0	0	0	0	0	0	0	0	
hsa:9647	0	0	0	0	0	0	0	0	0	0	0	0	0	0	0	0	0	0	0	0	0	0	0	0	0	0	0	0	0	0	0	0	0	0	0	0	0	0	0	0	0	0	0	0	0	0	0	0	0	0	
hsa:983	0	0.502	0	0.722	0.734	0	0	0.6166666	0	0	0.508	0.564	0.6775	0	0	0	0	0	0	0	0	0	0	0.548	0	0	0	0	0.45	0	0	0	0	0	0	0	0	0	0	0	0	0	0	0	0	0	0	0	0	0	
hsa:9945	0	0	0	0	0	0	0	0	0	0	0	0	0	0	0	0	0	0	0	0	0	0	0	0	0	0	0	0	0	0	0	0	0	0	0	0	0	0	0	0	0	0	0	0	0	0	0	0	0	0	
hsa:9955	0	0	0	0	0	0	0	0	0.4673913	0	0	0	0	0	0	0	0	0	0	0	0	0	0	0	0	0	0	0	0	0	0	0	0	0	0	0	0	0	0	0	0	0	0	0	0	0	0	0	0	0	
