hsa:10	0	0	0	0	0	0	0	0	0	0	0	0	0	0	0	0	0	0	0	0	0	0	0	0	0	0	0	0	0	0	0	0	0	0	0	0	0	0	0	0	0	0	0	0	0	0	0	0	0	0	
hsa:100	0	0	0	0	0	0	0	0	0	0	0	0	0	0	0	0	0	0	0	0	0	0	0	0	0	0	0	0	0	0	0	0	0	0	0	0	0	0	0	0	0	0	0	0	0	0	0	0	0	0	
hsa:10056	0	0	0	0	0	0	0	0	0	0	0	0	0	0	0	0	0	0	0	0	0	0	0	0	0	0	0	0	0	0	0	0	0	0	0	0	0	0	0	0	0	0	0	0	0	0	0	0	0	0	
hsa:1017	0	0	0	0.192393580645	0.214120378051	0	0	0	0	0	0	0.300071694015	0.258978479794	0	0	0	0	0	0	0	0	0	0	0.287238756653	0	0	0	0	0	0.333640304365	0	0	0	0	0	0	0	0	0	0	0	0	0	0	0	0	0	0	0	0	
hsa:1018	0	0	0	0.192393580645	0.214120378051	0	0	0	0	0	0	0.313405965968	0.258978479794	0	0	0	0	0	0	0	0	0	0	0.287238756653	0	0	0	0	0	0.32883606192	0	0	0	0	0	0	0	0	0	0	0	0	0	0	0	0	0	0	0	0	
hsa:10188	0	0.0758272877918	0	0.171568745281	0	0.235623997968	0.240614061032	0	0	0.301279011668	0	0	0	0	0	0	0.286282509286	0	0	0	0	0	0	0.200956705587	0	0	0	0.257807095186	0	0	0	0	0	0	0	0	0	0	0	0	0	0	0.227592510005	0	0	0	0	0	0	0	
hsa:1019	0	0	0	0.205686856377	0.209523118357	0	0	0	0	0	0	0.291497869461	0.258978479794	0	0	0	0	0	0	0	0	0	0	0.245573018773	0	0	0	0	0	0.340310564522	0	0	0	0	0	0	0	0	0	0	0	0	0	0	0	0	0	0	0	0	
hsa:1020	0	0	0	0	0.214120378051	0	0	0.268384722586	0	0	0	0	0.260592475068	0	0	0	0	0	0	0	0	0	0	0.267061357398	0	0	0	0	0	0.319170178411	0	0	0	0	0	0	0	0	0	0	0	0	0	0	0	0	0	0	0	0	
hsa:1021	0	0	0	0.192393580645	0.213591549788	0	0	0	0	0	0	0.29878558184	0.258978479794	0	0	0	0	0	0	0	0	0	0	0.304975054267	0	0	0	0	0	0.31784124363	0	0	0	0	0	0	0	0	0	0	0	0	0	0	0	0	0	0	0	0	
hsa:1022	0	0	0	0	0.192188809481	0	0	0.285967015615	0	0	0	0.285582683652	0.260636950492	0	0	0	0	0	0	0	0	0	0	0	0	0	0	0	0	0.34340725453	0	0	0	0	0	0	0	0	0	0	0	0	0	0	0	0	0	0	0	0	
hsa:1024	0	0	0	0	0.228429609404	0	0	0.287915858174	0	0	0	0	0.229369467171	0	0	0	0	0	0	0	0	0	0	0.24096531442	0	0	0	0	0	0.318506015681	0	0	0	0	0	0	0	0	0	0	0	0	0	0	0	0	0	0	0	0	
hsa:1025	0	0	0	0	0.205104977586	0	0	0.268384722586	0	0	0.194028281477	0	0.257691567287	0	0	0	0	0	0	0	0	0	0	0	0	0	0	0	0	0.306568821134	0	0	0	0	0	0	0	0	0	0	0	0	0	0	0	0	0	0	0	0	
hsa:10269	0	0	0	0	0	0	0	0	0	0	0	0	0	0	0	0	0	0	0	0	0	0	0	0	0	0	0	0	0	0	0	0	0	0	0	0	0	0	0	0	0	0	0	0	0	0	0	0	0	0	
hsa:10279	0	0	0	0	0	0	0	0	0	0	0	0	0	0	0	0	0	0	0	0	0	0	0	0	0	0	0	0	0	0	0	0	0	0	0	0	0	0	0	0	0	0	0	0	0	0	0	0	0	0	
hsa:10295	0	0	0	0	0	0	0	0	0	0	0	0	0	0	0	0	0	0	0	0	0	0	0	0	0	0	0	0	0	0	0	0	0	0	0	0	0	0	0	0	0	0	0	0	0	0	0	0	0	0	
hsa:10327	0	0	0	0	0	0	0	0	0	0	0	0	0	0	0	0	0	0	0	0	0	0	0	0	0	0	0	0	0	0	0	0	0	0	0	0	0	0	0	0	0	0	0	0	0	0	0	0	0	0	
hsa:1033	0	0	0	0	0	0	0	0	0	0	0	0	0	0	0	0	0	0	0	0	0	0	0	0	0	0	0	0	0	0	0	0	0	0	0	0	0	0	0	0	0	0.191435858338	0	0	0	0	0	0	0	0	
hsa:10461	0	0	0.255550571183	0	0	0.27618649788	0	0.320937574769	0	0.360892012295	0	0.314838441693	0	0	0	0	0	0.220267880073	0	0	0	0	0	0	0	0	0	0.238111333967	0.17693320623	0	0.272353530263	0	0	0	0	0	0	0	0	0	0	0	0	0	0	0	0	0	0	0	
hsa:10549	0	0	0	0	0	0	0	0	0	0	0	0	0	0	0	0	0	0	0	0	0	0	0	0	0	0	0	0	0	0	0	0	0	0	0	0	0	0	0	0	0	0	0	0	0	0	0	0	0	0	
hsa:1056	0	0	0	0	0	0	0	0	0.244413904652	0	0	0	0	0	0	0	0	0	0	0	0	0	0	0	0	0	0	0	0	0	0	0	0	0	0	0	0	0	0	0	0	0	0	0	0	0	0	0	0	0	
hsa:10667	0	0	0	0	0	0	0	0	0	0	0	0	0	0	0	0	0	0	0	0	0	0	0	0	0	0	0	0	0	0	0	0	0	0	0	0	0	0	0	0	0	0	0	0	0	0	0	0	0	0	
hsa:107	0	0	0	0	0	0	0	0	0	0	0	0	0	0	0	0	0	0	0	0	0	0	0	0	0	0	0	0	0	0	0	0	0	0	0.306616674517	0	0	0	0	0	0	0	0	0	0	0	0	0	0	0	
hsa:10720	0	0	0	0	0	0	0	0	0	0	0	0	0	0	0	0	0	0	0	0.0847660269741	0.105522653605	0.273511184979	0.0723766446481	0	0.211073204282	0.149041611595	0.211688577347	0	0	0	0	0	0	0.10382140711	0	0.164689699191	0.219596674029	0.0966967560404	0.242021081683	0	0.215541533144	0	0	0	0	0	0.158811827343	0	0	0	
hsa:10747	0	0	0	0	0	0	0	0	0.18380355044	0	0	0	0	0.220333893771	0	0	0	0	0	0	0	0	0	0	0	0	0	0	0	0	0	0	0	0	0	0	0	0	0	0	0	0	0	0	0.262527946531	0	0	0	0	0	
hsa:108	0	0	0	0	0	0	0	0	0	0	0	0	0	0	0	0	0	0	0	0	0	0	0	0	0	0	0	0	0	0	0	0	0	0	0.308659311998	0	0	0	0	0	0	0	0	0	0	0	0	0	0	0	
hsa:10825	0	0	0	0	0	0	0	0	0	0	0	0	0	0	0	0	0	0	0	0	0	0	0	0	0	0	0	0	0	0	0	0	0	0	0	0	0	0	0	0	0	0	0	0	0	0	0	0	0	0	
hsa:10846	0	0	0	0	0	0	0	0	0	0	0	0	0	0	0	0	0	0	0	0	0	0	0	0	0	0	0	0	0	0	0	0	0	0	0	0	0	0	0	0.236338121987	0	0	0	0.164275801484	0	0	0	0	0	0	
hsa:10858	0	0	0	0	0	0	0	0	0	0	0	0	0	0	0	0.201973885011	0	0	0	0	0	0	0	0	0	0	0	0	0	0	0	0	0	0	0	0	0	0	0	0	0	0	0	0	0	0.254323687389	0	0	0	0	
hsa:109	0	0	0	0	0	0	0	0	0	0	0	0	0	0	0	0	0	0	0	0	0	0	0	0	0	0	0	0	0	0	0	0	0	0	0.305352022683	0	0	0	0	0	0	0	0	0	0	0	0	0	0	0	
hsa:10901	0	0	0	0	0	0	0	0	0	0	0	0	0	0	0	0	0	0	0	0	0	0	0	0	0	0	0	0	0	0	0	0	0	0	0	0	0	0	0	0	0	0	0	0	0	0	0	0	0	0	
hsa:10924	0	0	0	0	0	0	0	0	0	0	0	0	0	0	0	0	0	0	0	0	0	0	0	0	0	0	0	0	0	0	0	0	0	0	0	0	0	0	0	0	0	0	0	0	0	0	0	0	0	0	
hsa:10935	0	0	0	0	0	0	0	0	0	0	0	0	0	0	0	0	0	0	0	0	0	0	0	0	0	0	0	0	0	0	0	0	0	0	0	0	0	0	0	0	0	0	0	0	0	0	0	0	0	0	
hsa:10941	0	0	0	0	0	0	0	0	0	0	0	0	0	0	0	0	0	0	0	0.0767040861869	0.105522653605	0.263677769193	0.0723766446481	0	0.238052361207	0.161483605763	0.202118790013	0	0	0	0	0	0	0	0	0.179114194482	0.199576005662	0.116813695323	0.240814811043	0	0.213461113228	0	0	0	0	0	0.186643450529	0	0	0	
hsa:11072	0	0	0	0	0	0	0	0	0	0	0	0	0	0	0	0	0	0	0	0	0	0	0	0	0	0	0	0	0	0	0	0	0	0	0	0	0	0	0	0	0	0.207343684493	0	0	0	0	0	0	0	0	
hsa:111	0	0	0	0	0	0	0	0	0	0	0	0	0	0	0	0	0	0	0	0	0	0	0	0	0	0	0	0	0	0	0	0	0	0	0.313773298186	0	0	0	0	0	0	0	0	0	0	0	0	0	0	0	
hsa:112	0	0	0	0	0	0	0	0	0	0	0	0	0	0	0	0	0	0	0	0	0	0	0	0	0	0	0	0	0	0	0	0	0	0	0.313773298186	0	0	0	0	0	0	0	0	0	0	0	0	0	0	0	
hsa:11202	0	0	0	0	0	0	0	0	0.215607650515	0	0	0	0	0.194016534994	0	0	0	0	0	0	0	0	0	0	0	0	0	0	0	0	0	0.24175517985	0	0	0	0	0	0	0	0	0	0	0	0	0.284237714614	0	0	0	0	0	
hsa:11221	0	0	0	0	0	0	0	0	0	0	0	0	0	0	0	0	0	0	0	0	0	0	0	0	0	0	0	0	0	0	0	0	0	0	0	0	0	0	0	0	0	0.215298727448	0	0	0	0	0	0	0	0	
hsa:11238	0	0	0	0	0	0	0	0	0	0	0	0	0	0	0	0	0	0	0	0	0	0	0	0	0	0	0	0	0	0	0	0	0	0	0	0	0	0	0	0	0	0	0	0	0	0	0	0	0	0	
hsa:11266	0	0	0	0	0	0	0	0	0	0	0	0	0	0	0	0	0	0	0	0	0	0	0	0	0	0	0	0	0	0	0	0	0	0	0	0	0	0	0	0	0	0.183365053233	0	0	0	0	0	0	0	0	
hsa:113	0	0	0	0	0	0	0	0	0	0	0	0	0	0	0	0	0	0	0	0	0	0	0	0	0	0	0	0	0	0	0	0	0	0	0.308659311998	0	0	0	0	0	0	0	0	0	0	0	0	0	0	0	
hsa:11330	0	0	0	0	0	0	0	0	0.186955237878	0	0	0	0	0.232750571563	0	0	0	0	0	0	0	0	0	0	0	0	0	0	0	0	0	0.267069226507	0	0	0	0	0	0	0	0	0	0	0	0	0.312594255166	0	0	0	0	0	
hsa:11343	0	0	0	0	0	0	0	0	0	0	0	0	0	0	0	0	0	0	0	0	0	0	0	0	0	0	0	0	0	0	0	0	0	0	0	0	0	0	0	0	0	0	0	0	0	0	0	0	0	0	
hsa:114	0	0	0	0	0	0	0	0	0	0	0	0	0	0	0	0	0	0	0	0	0	0	0	0	0	0	0	0	0	0	0	0	0	0	0.297942197947	0	0	0	0	0	0	0	0	0	0	0	0	0	0	0	
hsa:1147	0	0	0	0	0.212651819905	0	0	0	0	0	0	0	0.221365525868	0	0	0	0	0	0	0	0	0	0	0.179997075476	0	0	0	0	0	0.280979902398	0	0	0	0	0	0	0	0	0	0	0	0	0	0	0	0	0	0	0	0	
hsa:115	0	0	0	0	0	0	0	0	0	0	0	0	0	0	0	0	0	0	0	0	0	0	0	0	0	0	0	0	0	0	0	0	0	0	0.288460646265	0	0	0	0	0	0	0	0	0	0	0	0	0	0	0	
hsa:116447	0	0	0	0	0	0	0	0	0	0	0	0	0	0	0	0	0	0	0	0	0	0	0	0	0	0	0	0	0	0	0	0	0	0	0	0	0	0	0	0	0	0	0	0	0	0	0	0	0	0	
hsa:1178	0	0	0	0	0	0	0	0	0	0	0	0	0	0	0	0	0	0	0	0	0	0	0	0	0	0	0	0	0	0	0	0	0	0	0	0	0	0	0	0	0	0	0	0	0	0	0	0	0	0	
hsa:1200	0	0	0	0	0	0	0	0	0	0	0	0	0	0	0	0	0	0	0	0	0	0	0	0	0	0	0	0	0	0	0	0	0	0	0	0	0	0	0.30066245934	0	0	0	0	0	0	0	0	0	0	0	
hsa:1215	0	0	0	0	0	0	0	0	0.173730262307	0	0	0	0	0.220583230229	0	0	0	0	0	0	0	0	0	0	0	0	0	0	0	0	0	0.229812192829	0	0	0	0	0	0	0	0	0	0	0	0	0.297615600747	0	0	0	0	0	
hsa:124	0	0	0	0	0	0	0	0	0	0	0	0	0	0	0	0	0	0	0	0	0	0	0	0	0	0	0	0	0	0	0	0.300674932523	0	0	0	0	0	0	0	0	0	0	0	0	0	0	0	0	0	0	
hsa:125	0	0	0	0	0	0	0	0	0	0	0	0	0	0	0	0	0	0	0	0	0	0	0	0	0	0	0	0	0	0	0	0.300674932523	0	0	0	0	0	0	0	0	0	0	0	0	0	0	0	0	0	0	
hsa:126	0	0	0	0	0	0	0	0	0	0	0	0	0	0	0	0	0	0	0	0	0	0	0	0	0	0	0	0	0	0	0	0.300674932523	0	0	0	0	0	0	0	0	0	0	0	0	0	0	0	0	0	0	
hsa:1267	0	0	0	0	0	0	0	0	0	0	0	0	0	0	0	0	0	0	0	0	0	0	0	0	0	0	0	0	0	0	0	0	0	0	0	0	0	0	0	0	0	0	0	0	0	0	0	0	0	0	
hsa:128	0	0	0	0	0	0	0	0	0	0	0	0	0	0	0	0	0	0	0	0	0	0	0	0	0	0	0	0	0	0	0	0.265144391152	0	0	0	0	0	0	0	0	0	0	0	0	0	0	0	0	0	0	
hsa:128853	0	0	0	0	0	0	0	0	0	0	0	0	0	0	0	0	0	0	0	0	0	0	0	0	0	0	0	0	0	0	0	0	0	0	0	0	0	0	0	0	0	0.184842116789	0	0	0	0	0	0	0	0	
hsa:129807	0	0	0	0	0	0	0	0	0	0	0	0	0	0	0	0	0	0	0	0	0	0	0	0	0	0	0	0	0	0	0	0	0	0	0	0	0	0	0	0	0	0	0	0	0	0	0	0	0	0	
hsa:13	0	0	0	0	0	0	0	0	0	0	0	0	0	0	0	0	0	0	0	0	0	0	0	0	0	0	0	0	0	0	0	0	0	0	0	0	0	0	0	0	0	0	0	0	0	0	0	0	0	0	
hsa:130399	0	0	0	0	0.220412292363	0	0	0	0	0.291436428311	0.189702778541	0	0.267371184245	0	0	0	0	0	0	0	0	0	0	0	0	0	0	0	0	0	0	0	0.283007017762	0	0	0	0	0	0	0	0	0	0	0	0	0	0	0	0	0	
hsa:131	0	0	0	0	0	0	0	0	0	0	0	0	0	0	0	0	0	0	0	0	0	0	0	0	0	0	0	0	0	0	0	0.275733933792	0	0	0	0	0	0	0	0	0	0	0	0	0	0	0	0	0	0	
hsa:1312	0	0	0	0	0	0	0	0	0	0	0	0	0	0	0	0	0	0	0	0	0	0	0	0	0	0	0	0	0	0	0	0	0	0	0	0	0	0	0	0	0	0	0	0	0	0	0	0	0	0	
hsa:132	0	0	0	0	0	0	0	0	0	0	0	0	0	0	0	0	0	0	0	0	0	0	0	0	0	0	0	0	0	0	0	0	0	0	0	0	0	0	0	0	0	0	0	0	0	0	0	0	0	0	
hsa:132160	0	0	0	0	0	0	0	0	0	0	0	0	0	0	0	0	0	0	0	0	0	0	0	0	0	0	0	0	0	0	0	0	0	0	0	0	0	0	0	0	0	0	0	0	0	0	0	0	0	0	
hsa:133121	0	0	0	0	0	0	0	0	0	0	0	0	0	0	0	0	0	0	0	0	0	0	0	0	0	0	0	0	0	0	0	0	0	0	0	0	0	0	0	0	0	0	0	0	0	0	0	0	0	0	
hsa:134510	0	0	0	0	0	0	0	0	0	0	0	0	0	0	0	0	0	0	0	0	0	0	0	0	0	0	0	0	0	0	0	0	0	0	0	0	0	0	0	0	0	0	0	0	0	0	0	0	0	0	
hsa:1360	0	0	0	0	0	0	0	0	0	0	0	0	0	0	0	0	0	0	0	0	0	0	0	0	0	0	0	0	0	0	0	0	0	0	0	0	0	0	0	0	0	0	0	0	0	0	0	0	0	0	
hsa:1363	0	0	0	0	0	0	0	0	0	0	0	0	0	0	0	0	0	0	0	0	0	0	0	0	0	0	0	0	0	0	0	0	0	0	0	0	0	0	0	0	0	0	0	0	0	0	0	0	0	0	
hsa:1374	0	0	0	0	0	0	0	0	0	0	0	0	0	0	0	0	0	0	0	0	0	0	0	0	0	0	0	0	0	0	0	0	0	0	0	0	0	0	0	0	0	0	0	0	0	0	0	0	0	0	
hsa:1376	0	0	0	0	0	0	0	0	0	0	0	0	0	0	0	0	0	0	0	0	0	0	0	0	0	0	0	0	0	0	0	0	0	0	0	0	0	0	0	0	0	0	0	0	0	0	0	0	0	0	
hsa:1384	0	0	0	0	0	0	0	0	0	0	0	0	0	0	0	0	0	0	0	0	0	0	0	0	0	0	0	0	0	0	0	0	0	0	0	0	0	0	0	0	0	0	0	0	0	0	0	0	0	0	
hsa:142679	0	0	0	0	0	0	0	0	0	0	0	0	0	0	0	0	0	0	0	0	0	0	0	0	0	0	0	0	0	0	0	0	0	0	0	0	0	0	0	0	0	0.19638322501	0	0	0	0	0	0	0	0	
hsa:1429	0	0	0	0	0	0	0	0	0	0	0	0	0	0	0	0	0	0	0	0	0	0	0	0	0	0	0	0	0	0	0	0	0	0	0	0	0	0	0	0	0	0	0	0	0	0	0	0	0	0	
hsa:1431	0	0	0	0	0	0	0	0	0	0	0	0	0	0	0	0	0	0	0	0	0	0	0	0	0	0	0	0	0	0	0	0	0	0	0	0	0	0	0	0	0	0	0	0	0	0	0	0	0	0	
hsa:1432	0	0	0	0	0.232564765292	0	0	0.273481562848	0	0.306028032596	0	0	0.253626953398	0	0	0	0	0	0	0	0	0	0	0.279774261517	0	0	0	0	0	0	0	0	0	0	0	0	0	0	0	0	0	0	0	0	0	0	0	0	0	0	
hsa:1436	0.218539994109	0	0.271815901746	0.164876579759	0	0	0.2776568608	0	0	0	0	0.296299670927	0	0	0	0	0	0.262149960515	0.259480941177	0	0	0	0	0.254404020948	0	0	0	0.234495395851	0.20888795797	0	0	0	0.212490516526	0	0	0	0	0	0	0	0	0	0	0	0	0	0	0.274102564351	0	0	
hsa:1445	0.201272354558	0.113927723642	0.269004936755	0	0	0	0	0.277818213889	0	0	0.190405688132	0.23844162956	0	0	0.344834538724	0	0.300900162331	0.225333529828	0.212031011544	0	0	0	0	0	0	0	0	0	0	0	0.252575954654	0	0.277738377196	0	0	0	0	0	0	0	0	0	0	0	0	0	0	0	0	0	
hsa:150290	0	0	0	0	0	0	0	0	0	0	0	0	0	0	0	0	0	0	0	0	0	0	0	0	0	0	0	0	0	0	0	0	0	0	0	0	0	0	0	0	0	0.215298727448	0	0	0	0	0	0	0	0	
hsa:1504	0	0	0	0	0	0	0	0	0	0	0	0	0	0.230811085087	0	0	0	0	0	0	0	0	0	0	0	0	0	0	0	0	0	0.263699398177	0	0	0	0	0	0	0	0	0	0	0	0	0	0	0	0	0	0	
hsa:151531	0	0	0	0	0	0	0	0	0	0	0	0	0	0	0	0	0	0	0	0	0	0	0	0	0	0	0	0	0	0	0	0	0	0	0	0	0	0	0	0	0	0	0	0	0	0	0	0	0	0	
hsa:1537	0	0	0	0	0	0	0	0	0	0	0	0	0	0	0	0	0	0	0	0	0	0	0	0	0	0	0	0	0	0	0	0	0	0	0	0	0	0	0	0	0	0	0	0	0	0	0	0	0	0	
hsa:1543	0	0	0	0	0	0	0	0	0	0	0	0	0	0	0	0.260273398352	0	0	0	0	0	0	0	0	0	0	0	0	0	0	0	0	0	0	0	0	0	0	0	0	0	0	0	0	0	0.280707265145	0	0	0	0	
hsa:1544	0	0	0	0	0	0	0	0	0	0	0	0	0	0	0	0.238108068935	0	0	0	0	0	0	0	0	0	0	0	0	0	0	0	0	0	0	0	0	0	0	0	0	0	0	0	0	0	0.285899304137	0	0	0	0	
hsa:1545	0	0	0	0	0	0	0	0	0	0	0	0	0	0	0	0.236784635762	0	0	0	0	0	0	0	0	0	0	0	0	0	0	0	0	0	0	0	0	0	0	0	0	0	0	0	0	0	0.275612971507	0	0	0	0	
hsa:1548	0	0	0	0	0	0	0	0	0	0	0	0	0	0	0	0.245873932228	0	0	0	0	0	0	0	0	0	0	0	0	0	0	0	0	0	0	0	0	0	0	0	0	0	0	0	0	0	0.307682164233	0	0	0	0.295144380596	
hsa:1549	0	0	0	0	0	0	0	0	0	0	0	0	0	0	0	0.245873932228	0	0	0	0	0	0	0	0	0	0	0	0	0	0	0	0	0	0	0	0	0	0	0	0	0	0	0	0	0	0.307682164233	0	0	0	0.295144380596	
hsa:1551	0	0	0	0	0	0	0	0	0	0	0	0	0	0	0	0.257132587092	0	0	0	0	0	0	0	0	0	0	0	0	0	0	0	0	0	0	0	0	0	0	0	0	0	0	0	0	0	0.301478971804	0	0	0	0	
hsa:1553	0	0	0	0	0	0	0	0	0	0	0	0	0	0	0	0.206407386066	0	0	0	0	0	0	0	0	0	0	0	0	0	0	0	0	0	0	0	0	0	0	0	0	0	0	0	0	0	0.287767703522	0	0	0	0.289712647224	
hsa:1555	0	0	0	0	0	0	0	0	0	0	0	0	0	0	0	0.251180865853	0	0	0	0	0	0	0	0	0	0	0	0	0	0	0	0	0	0	0	0	0	0	0	0	0	0	0	0	0	0.293495734132	0	0	0	0.264493890683	
hsa:1557	0	0	0	0	0	0	0	0	0	0	0	0	0	0	0	0.2448155493	0	0	0	0	0	0	0	0	0	0	0	0	0	0	0	0	0	0	0	0	0	0	0	0	0	0	0	0	0	0.289814598479	0	0	0	0.297185380046	
hsa:1558	0	0	0	0	0	0	0	0	0	0	0	0	0	0	0	0.250772474036	0	0	0	0	0	0	0	0	0	0	0	0	0	0	0	0	0	0	0	0	0	0	0	0	0	0	0	0	0	0.257569331278	0	0	0	0.297185380046	
hsa:1559	0	0	0	0	0	0	0	0	0	0	0	0	0	0	0	0.2448155493	0	0	0	0	0	0	0	0	0	0	0	0	0	0	0	0	0	0	0	0	0	0	0	0	0	0	0	0	0	0.298119418716	0	0	0	0.297185380046	
hsa:1562	0	0	0	0	0	0	0	0	0	0	0	0	0	0	0	0.222243977819	0	0	0	0	0	0	0	0	0	0	0	0	0	0	0	0	0	0	0	0	0	0	0	0	0	0	0	0	0	0.298119418716	0	0	0	0.297185380046	
hsa:1565	0	0	0	0	0	0	0	0	0	0	0	0	0	0	0	0.241588088053	0	0	0	0	0	0	0	0	0	0	0	0	0	0	0	0	0	0	0	0	0	0	0	0	0	0	0	0	0	0.26298311934	0	0	0	0.289712647224	
hsa:1571	0	0	0	0	0	0	0	0	0	0	0	0	0	0	0	0.209056470425	0	0	0	0	0	0	0	0	0	0	0	0	0	0	0	0	0	0	0	0	0	0	0	0	0	0	0	0	0	0.317030066008	0	0	0	0.302617113418	
hsa:1572	0	0	0	0	0	0	0	0	0	0	0	0	0	0	0	0.228068434128	0	0	0	0	0	0	0	0	0	0	0	0	0	0	0	0	0	0	0	0	0	0	0	0	0	0	0	0	0	0.333076881634	0	0	0	0.290279254148	
hsa:1573	0	0	0	0	0	0	0	0	0	0	0	0	0	0	0	0.247042593126	0	0	0	0	0	0	0	0	0	0	0	0	0	0	0	0	0	0	0	0	0	0	0	0	0	0	0	0	0	0.301800554369	0	0	0	0.265060497607	
hsa:1576	0	0	0	0	0	0	0	0	0	0	0	0	0	0	0	0.257132587092	0	0	0	0	0	0	0	0	0	0	0	0	0	0	0	0	0	0	0	0	0	0	0	0	0	0	0	0	0	0.301478971804	0	0	0	0.323767233255	
hsa:1577	0	0	0	0	0	0	0	0	0	0	0	0	0	0	0	0.257132587092	0	0	0	0	0	0	0	0	0	0	0	0	0	0	0	0	0	0	0	0	0	0	0	0	0	0	0	0	0	0.317456760372	0	0	0	0.323767233255	
hsa:1579	0	0	0	0	0	0	0	0	0	0	0	0	0	0	0	0.235483506437	0	0	0	0	0	0	0	0	0	0	0	0	0	0	0	0	0	0	0	0	0	0	0	0	0	0	0	0	0	0.273037941786	0	0	0	0.3216914032	
hsa:1580	0	0	0	0	0	0	0	0	0	0	0	0	0	0	0	0.288473239974	0	0	0	0	0	0	0	0	0	0	0	0	0	0	0	0	0	0	0	0	0	0	0	0	0	0	0	0	0	0.309780295382	0	0	0	0	
hsa:1581	0	0	0	0	0	0	0	0	0	0	0	0	0	0	0	0	0	0	0	0	0	0	0	0	0	0	0	0	0	0	0	0	0	0	0	0	0	0	0	0	0	0	0	0	0	0	0	0	0	0	
hsa:1582	0	0	0	0	0	0	0	0	0	0	0	0	0	0	0	0	0	0	0	0	0	0	0	0	0	0	0	0	0	0	0	0	0	0	0	0	0	0	0	0	0	0	0	0	0	0.288252549224	0	0	0	0	
hsa:1583	0	0	0	0	0	0	0	0	0	0	0	0	0	0	0	0.202684705983	0	0	0	0	0	0	0	0	0	0	0	0	0	0	0	0	0	0	0	0	0	0	0	0	0	0	0	0	0	0.294248691337	0	0	0	0	
hsa:1584	0	0	0	0	0	0	0	0	0	0	0	0	0	0	0	0.215161080002	0	0	0	0	0	0	0	0	0	0	0	0	0	0	0	0	0	0	0	0	0	0	0	0	0	0	0	0	0	0.331898636747	0	0	0	0	
hsa:1585	0	0	0	0	0	0	0	0	0	0	0	0	0	0	0	0.215161080002	0	0	0	0	0	0	0	0	0	0	0	0	0	0	0	0	0	0	0	0	0	0	0	0	0	0	0	0	0	0.331898636747	0	0	0	0	
hsa:1586	0	0	0	0	0	0	0	0	0	0	0	0	0	0	0	0.26384978091	0	0	0	0	0	0	0	0	0	0	0	0	0	0	0	0	0	0	0	0	0	0	0	0	0	0	0	0	0	0.24170223462	0	0	0	0	
hsa:1588	0	0	0	0	0	0	0	0	0	0	0	0	0	0	0	0.20080844516	0	0	0	0	0	0	0	0	0	0	0	0	0	0	0	0	0	0	0	0	0	0	0	0	0	0	0	0	0	0	0	0	0	0	
hsa:1589	0	0	0	0	0	0	0	0	0	0	0	0	0	0	0	0.189165052057	0	0	0	0	0	0	0	0	0	0	0	0	0	0	0	0	0	0	0	0	0	0	0	0	0	0	0	0	0	0.253991124966	0	0	0	0	
hsa:1593	0	0	0	0	0	0	0	0	0	0	0	0	0	0	0	0.238369689324	0	0	0	0	0	0	0	0	0	0	0	0	0	0	0	0	0	0	0	0	0	0	0	0	0	0	0	0	0	0.257075722676	0	0	0	0	
hsa:1594	0	0	0	0	0	0	0	0	0	0	0	0	0	0	0	0.215293548429	0	0	0	0	0	0	0	0	0	0	0	0	0	0	0	0	0	0	0	0	0	0	0	0	0	0	0	0	0	0.251162517668	0	0	0	0	
hsa:1595	0	0	0	0	0	0	0	0	0	0	0	0	0	0	0	0.249335985357	0	0	0	0	0	0	0	0	0	0	0	0	0	0	0	0	0	0	0	0	0	0	0	0	0	0	0	0	0	0.284212922672	0	0	0	0	
hsa:1610	0	0	0	0	0	0	0	0	0	0	0	0	0	0	0	0	0	0	0	0	0	0	0	0	0	0	0	0	0	0	0	0	0	0	0	0	0	0	0	0	0	0	0	0	0	0	0	0	0	0	
hsa:1621	0	0	0	0	0	0	0	0	0	0	0	0	0	0	0	0	0	0	0	0	0	0	0	0	0	0	0	0	0	0	0	0	0	0	0	0	0	0	0	0	0	0	0	0	0	0	0	0	0	0	
hsa:1633	0	0	0	0	0	0	0	0	0	0	0	0	0	0	0	0	0	0	0	0	0	0	0	0	0	0	0	0	0	0	0	0	0	0	0	0	0	0	0	0	0	0	0	0	0	0	0	0	0	0	
hsa:1636	0	0	0	0	0	0	0	0	0	0	0	0	0	0	0	0	0	0	0	0	0	0	0	0	0	0	0	0	0	0	0	0	0	0	0	0	0	0	0	0	0	0	0	0	0	0	0	0	0	0	
hsa:1645	0	0	0	0	0	0	0	0	0	0	0	0	0	0	0	0	0	0	0	0	0	0	0	0	0	0	0	0	0	0	0	0	0	0	0	0	0	0	0	0	0	0	0	0	0	0	0	0	0	0	
hsa:1675	0	0	0	0	0	0	0	0	0.201219696029	0	0	0	0	0.249526854253	0	0	0	0	0	0	0	0	0	0	0	0	0	0	0	0	0	0.257824775822	0	0	0	0	0	0	0	0	0	0	0	0	0.241735025506	0	0	0	0	0	
hsa:1719	0	0	0	0	0	0	0	0	0	0	0	0	0	0	0	0	0	0	0	0	0	0	0	0	0	0	0	0	0	0	0	0	0	0	0	0	0	0	0	0	0	0	0	0	0	0	0	0	0	0	
hsa:1723	0	0	0	0	0	0	0	0	0	0	0	0	0	0	0	0	0	0	0	0	0	0	0	0	0	0	0	0	0	0	0	0	0	0	0	0	0	0	0	0	0	0	0	0	0	0	0	0	0	0	
hsa:1725	0	0	0	0	0	0	0	0	0	0	0	0	0	0	0	0	0	0	0	0	0	0	0	0	0	0	0	0	0	0	0	0	0	0	0	0	0	0	0	0	0	0	0	0	0	0	0	0	0	0	
hsa:1728	0	0	0	0	0	0	0	0	0	0	0	0	0	0	0	0	0	0	0	0	0	0	0	0	0	0	0	0	0	0	0	0	0	0	0	0	0	0	0	0	0	0	0	0	0	0	0	0	0	0	
hsa:1733	0	0	0	0	0	0	0	0	0	0	0	0	0	0	0	0	0	0	0	0	0	0	0	0	0	0	0	0	0	0	0	0	0	0	0	0	0	0	0	0	0	0	0	0	0	0	0	0	0	0	
hsa:1734	0	0	0	0	0	0	0	0	0	0	0	0	0	0	0	0	0	0	0	0	0	0	0	0	0	0	0	0	0	0	0	0	0	0	0	0	0	0	0	0	0	0	0	0	0	0	0	0	0	0	
hsa:1735	0	0	0	0	0	0	0	0	0	0	0	0	0	0	0	0	0	0	0	0	0	0	0	0	0	0	0	0	0	0	0	0	0	0	0	0	0	0	0	0	0	0	0	0	0	0	0	0	0	0	
hsa:18	0	0	0	0	0	0	0	0	0	0	0	0	0.215062921417	0	0	0	0	0	0	0	0	0	0	0	0	0	0	0	0	0	0	0	0	0	0	0	0	0	0	0	0	0	0	0	0	0	0	0	0	0	
hsa:1800	0	0	0	0	0	0	0	0	0	0	0	0	0	0	0	0	0	0	0	0	0	0	0	0	0	0	0	0	0	0	0	0	0	0	0	0	0	0	0	0	0	0	0	0	0	0	0	0	0	0	
hsa:1803	0	0	0	0	0	0	0	0	0	0	0	0	0	0	0	0	0	0	0	0	0	0	0	0	0	0	0	0	0	0	0	0	0	0	0	0	0	0	0	0	0	0	0	0	0	0	0	0	0	0	
hsa:1806	0	0	0	0	0	0	0	0	0	0	0	0	0	0	0	0	0	0	0	0	0	0	0	0	0	0	0	0	0	0	0	0	0	0	0	0	0	0	0	0	0	0	0	0	0	0	0	0	0	0	
hsa:1843	0	0	0	0	0	0	0	0	0	0	0	0	0	0	0	0	0	0	0	0	0	0	0	0	0	0	0	0	0	0	0	0	0	0	0	0	0	0	0	0	0	0.208820748048	0	0	0	0	0	0	0	0	
hsa:1844	0	0	0	0	0	0	0	0	0	0	0	0	0	0	0	0	0	0	0	0	0	0	0	0	0	0	0	0	0	0	0	0	0	0	0	0	0	0	0	0	0	0.208820748048	0	0	0	0	0	0	0	0	
hsa:1845	0	0	0	0	0	0	0	0	0	0	0	0	0	0	0	0	0	0	0	0	0	0	0	0	0	0	0	0	0	0	0	0	0	0	0	0	0	0	0	0	0	0.153129996569	0	0	0	0	0	0	0	0	
hsa:1846	0	0	0	0	0	0	0	0	0	0	0	0	0	0	0	0	0	0	0	0	0	0	0	0	0	0	0	0	0	0	0	0	0	0	0	0	0	0	0	0	0	0.208820748048	0	0	0	0	0	0	0	0	
hsa:1847	0	0	0	0	0	0	0	0	0	0	0	0	0	0	0	0	0	0	0	0	0	0	0	0	0	0	0	0	0	0	0	0	0	0	0	0	0	0	0	0	0	0.184842116789	0	0	0	0	0	0	0	0	
hsa:1848	0	0	0	0	0	0	0	0	0	0	0	0	0	0	0	0	0	0	0	0	0	0	0	0	0	0	0	0	0	0	0	0	0	0	0	0	0	0	0	0	0	0.212884524404	0	0	0	0	0	0	0	0	
hsa:1849	0	0	0	0	0	0	0	0	0	0	0	0	0	0	0	0	0	0	0	0	0	0	0	0	0	0	0	0	0	0	0	0	0	0	0	0	0	0	0	0	0	0.212884524404	0	0	0	0	0	0	0	0	
hsa:1850	0	0	0	0	0	0	0	0	0	0	0	0	0	0	0	0	0	0	0	0	0	0	0	0	0	0	0	0	0	0	0	0	0	0	0	0	0	0	0	0	0	0.212884524404	0	0	0	0	0	0	0	0	
hsa:1852	0	0	0	0	0	0	0	0	0	0	0	0	0	0	0	0	0	0	0	0	0	0	0	0	0	0	0	0	0	0	0	0	0	0	0	0	0	0	0	0	0	0.211407460849	0	0	0	0	0	0	0	0	
hsa:189	0	0	0	0	0	0	0	0	0	0	0	0	0	0	0	0	0	0	0	0	0	0	0	0	0	0	0	0	0	0	0	0	0	0	0	0	0	0	0	0	0	0	0	0	0	0	0	0	0	0	
hsa:1890	0	0	0	0	0	0	0	0	0	0	0	0	0	0	0	0	0	0	0	0	0	0	0	0	0	0	0	0	0	0	0	0	0	0	0	0	0	0	0	0	0	0	0	0	0	0	0	0	0	0	
hsa:191	0	0	0	0	0	0	0	0	0	0	0	0	0	0	0	0	0	0	0	0	0	0	0	0	0	0	0	0	0	0	0	0	0	0	0	0	0	0	0	0	0	0	0	0	0	0	0	0	0	0	
hsa:1956	0	0.113927723642	0	0	0	0.28581615935	0.243239826628	0.266599659412	0	0.315847361726	0.217201170712	0	0	0	0	0	0	0	0.239812504447	0	0	0	0	0	0	0	0	0.239104223952	0	0	0.261383073568	0	0	0	0	0	0	0	0	0	0	0	0.315291068336	0	0	0	0	0	0	0	
hsa:196883	0	0	0	0	0	0	0	0	0	0	0	0	0	0	0	0	0	0	0	0	0	0	0	0	0	0	0	0	0	0	0	0	0	0	0.308659311998	0	0	0	0	0	0	0	0	0	0	0	0	0	0	0	
hsa:1969	0.220463693753	0.113887473588	0.279713769826	0	0	0.233024805147	0	0.286822763527	0	0	0.256277820665	0.279739141218	0	0	0.370368827894	0	0.244875302139	0.277585019529	0.3213113027	0	0	0	0	0	0	0	0	0	0	0	0.254150493941	0	0	0	0	0	0	0	0	0	0	0	0	0	0	0	0	0	0	0	
hsa:1990	0	0	0	0	0	0	0	0	0.191193623394	0	0	0	0	0.180287615262	0	0	0	0	0	0	0	0	0	0	0	0	0	0	0	0	0	0.296738362201	0	0	0	0	0	0	0	0	0	0	0	0	0.250599620071	0	0	0	0	0	
hsa:1991	0	0	0	0	0	0	0	0	0.167850152751	0	0	0	0	0.254733053652	0	0	0	0	0	0	0	0	0	0	0	0	0	0	0	0	0	0.219651104747	0	0	0	0	0	0	0	0	0	0	0	0	0.259876503629	0	0	0	0	0	
hsa:199974	0	0	0	0	0	0	0	0	0	0	0	0	0	0	0	0.254627938567	0	0	0	0	0	0	0	0	0	0	0	0	0	0	0	0	0	0	0	0	0	0	0	0	0	0	0	0	0	0.298636100554	0	0	0	0.3216914032	
hsa:2041	0.220463693753	0.113887473588	0.279713769826	0	0	0.22778168071	0	0.272735920859	0	0	0.256277820665	0	0	0	0.373115643504	0	0.281528377833	0.267456421783	0.237765935948	0	0	0	0	0	0	0	0	0	0	0	0.228546547814	0	0	0	0	0	0	0	0	0	0	0	0	0	0	0	0	0	0	0	
hsa:2042	0.226020755599	0.113887473588	0.297797549842	0	0	0.267304208337	0.257371785231	0.286822763527	0	0	0.212436865258	0.306286176538	0	0	0.366916059052	0	0.315175130477	0	0.314014940195	0	0	0	0	0	0	0	0	0	0	0	0.295466179634	0	0	0	0	0	0	0	0	0	0	0	0	0	0	0	0	0	0	0	
hsa:2043	0.237731333303	0.113887473588	0.279713769826	0	0	0	0	0.303159185235	0	0	0.207850385471	0.286460167786	0	0	0.370368827894	0	0.315175130477	0.277585019529	0.314014940195	0	0	0	0	0	0	0	0	0	0	0	0.31564357889	0	0.333977117265	0	0	0	0	0	0	0	0	0	0	0	0	0	0	0	0	0	
hsa:2044	0.237731333303	0.113887473588	0.279713769826	0	0	0.267304208337	0	0.286822763527	0	0	0.245976121629	0.286460167786	0	0	0.366916059052	0	0.275771186977	0	0.299299628967	0	0	0	0	0	0	0	0	0	0	0	0.295466179634	0	0	0	0	0	0	0	0	0	0	0	0	0	0	0	0	0	0	0	
hsa:2045	0.237731333303	0.113887473588	0.278370180782	0	0	0	0	0.286822763527	0	0	0.245976121629	0.298845120189	0	0	0.340977063128	0	0.298125988915	0.25216600764	0.314014940195	0	0	0	0	0	0	0	0	0.259491269854	0	0	0.28240052988	0	0.333977117265	0	0	0	0	0	0	0	0	0	0	0	0	0	0	0	0	0	
hsa:2046	0.211804505607	0.113927723642	0.279713769826	0	0	0	0	0.286822763527	0	0	0	0.306286176538	0	0	0.366916059052	0	0.294233367725	0.253858745252	0.261519136737	0	0	0	0	0	0	0	0	0	0	0	0.31564357889	0	0.333977117265	0	0	0	0	0	0	0	0	0	0	0	0	0	0	0	0	0	
hsa:2047	0.237731333303	0.113887473588	0.278370180782	0	0	0	0	0.286822763527	0	0	0.256277820665	0.306286176538	0	0	0.373115643504	0	0.315175130477	0.277585019529	0.307576378297	0	0	0	0	0	0	0	0	0	0	0	0.31564357889	0	0.333977117265	0	0	0	0	0	0	0	0	0	0	0	0	0	0	0	0	0	
hsa:2048	0.237731333303	0.113887473588	0.279713769826	0	0	0	0	0.286822763527	0	0	0.245976121629	0.298845120189	0	0	0.373115643504	0	0.315175130477	0.27409757621	0.314014940195	0	0	0	0	0	0	0	0	0	0	0	0.31564357889	0	0.333977117265	0	0	0	0	0	0	0	0	0	0	0	0	0	0	0	0	0	
hsa:2049	0.237731333303	0.113887473588	0.279713769826	0	0	0	0.257371785231	0.286822763527	0	0	0.245976121629	0.306286176538	0	0	0.347152580815	0	0.315175130477	0	0.314014940195	0	0	0	0	0	0	0	0	0	0	0	0.31564357889	0	0.333977117265	0	0	0	0	0	0	0	0	0	0	0	0	0	0	0	0	0	
hsa:2050	0	0.113887473588	0.279713769826	0	0	0	0	0.286822763527	0	0.287808839874	0.245976121629	0.306286176538	0	0	0.349637431916	0	0.315175130477	0.25945372002	0.307576378297	0	0	0	0	0	0	0	0	0	0	0	0.314707257014	0	0.333977117265	0	0	0	0	0	0	0	0	0	0	0	0	0	0	0	0	0	
hsa:2051	0.212982932262	0	0	0	0	0	0	0	0	0	0.1595268515	0.279106003921	0	0	0.296563792511	0	0.280386624448	0	0.314014940195	0	0	0	0	0	0	0	0	0	0	0	0	0	0	0	0	0	0	0	0	0	0	0	0	0	0	0	0	0	0	0	
hsa:2058	0	0	0	0	0	0	0	0	0	0	0	0	0.231803604437	0	0	0	0	0	0	0	0	0	0	0	0	0	0	0	0	0	0	0	0	0	0	0	0	0	0	0	0	0	0	0	0	0	0	0	0	0	
hsa:2064	0	0.113927723642	0	0.166819239194	0	0.28581615935	0.256305476382	0	0	0.315847361726	0.217201170712	0	0	0	0	0	0	0.255922557654	0.257675641585	0	0	0	0	0	0	0	0	0	0	0	0.261383073568	0	0	0	0	0	0	0	0	0	0	0	0.315291068336	0	0	0	0	0	0	0	
hsa:2065	0	0	0	0	0	0.266118066449	0.243239826628	0	0	0.315847361726	0	0	0	0	0	0	0	0	0.235744073016	0	0	0	0	0.207530618542	0	0	0	0	0.210957634905	0	0	0	0	0	0	0	0	0	0	0	0	0	0.315291068336	0	0	0	0	0	0	0	
hsa:2066	0	0.113927723642	0	0.166819239194	0	0.266118066449	0.243239826628	0	0	0.310069424351	0.217201170712	0.315420762175	0	0	0	0	0	0.250144620278	0.274963353965	0	0	0	0	0	0	0	0	0.25225507347	0	0	0.259562024723	0	0	0	0	0	0	0	0	0	0	0	0.302386216604	0	0	0	0	0	0	0	
hsa:2098	0	0	0	0	0	0	0	0	0	0	0	0	0	0	0	0	0	0	0	0	0	0	0	0	0	0	0	0	0	0	0	0	0	0	0	0	0	0	0	0	0	0	0	0	0	0	0	0	0	0	
hsa:2135	0	0	0	0	0	0	0	0	0	0	0	0	0	0	0	0	0	0	0	0	0	0	0	0	0	0	0	0	0	0	0	0	0	0	0	0	0	0	0	0	0	0	0	0	0	0	0	0	0	0	
hsa:2147	0	0	0	0	0	0	0	0	0.149447559714	0	0	0	0	0.193682696944	0	0	0	0	0	0	0	0	0	0	0	0	0	0	0	0.351147511611	0	0.243165775794	0	0	0	0	0	0	0	0	0	0	0	0	0	0	0	0	0	0	
hsa:2155	0	0	0	0	0	0	0	0	0.157374273283	0	0	0	0	0.192103899	0	0	0	0	0	0	0	0	0	0	0	0	0	0	0	0.323435290798	0	0	0	0	0	0	0	0	0	0	0	0	0	0	0.285574640383	0	0	0	0	0	
hsa:2158	0	0	0	0	0	0	0	0	0.196176254891	0	0	0	0	0.21864489269	0	0	0	0	0	0	0	0	0	0	0	0	0	0	0	0	0	0	0	0	0	0	0	0	0	0	0	0	0	0	0.296560897955	0	0	0	0	0	
hsa:2159	0	0	0	0	0	0	0	0	0.196176254891	0	0	0	0	0.199476032835	0	0	0	0	0	0	0	0	0	0	0	0	0	0	0	0.351147511611	0	0	0	0	0	0	0	0	0	0	0	0	0	0	0.305200660351	0	0	0	0	0	
hsa:216	0	0	0	0	0	0	0	0	0	0	0	0	0	0	0	0	0	0	0	0	0	0	0	0	0	0	0	0	0	0	0	0	0	0	0	0	0	0	0	0	0	0	0	0	0	0	0	0	0	0	
hsa:2160	0	0	0	0	0	0	0	0	0.184465559061	0	0	0	0	0.221441601819	0	0	0	0	0	0	0	0	0	0	0	0	0	0	0	0.336619540453	0	0.270682579756	0	0	0	0	0	0	0	0	0	0	0	0	0.260253042784	0	0	0	0	0	
hsa:2161	0	0	0	0	0	0	0	0	0.215607650515	0	0	0	0	0.216250997385	0	0	0	0	0	0	0	0	0	0	0	0	0	0	0	0.295637334062	0	0.250149516749	0	0	0	0	0	0	0	0	0	0	0	0	0.231304368822	0	0	0	0	0	
hsa:217	0	0	0	0	0	0	0	0	0	0	0	0	0	0	0	0	0	0	0	0	0	0	0	0	0	0	0	0	0	0	0	0	0	0	0	0	0	0	0	0	0	0	0	0	0	0	0	0	0	0	
hsa:218	0	0	0	0	0	0	0	0	0	0	0	0	0	0	0	0	0	0	0	0	0	0	0	0	0	0	0	0	0	0	0	0	0	0	0	0	0	0	0	0	0	0	0	0	0	0	0	0	0	0	
hsa:2180	0	0	0	0	0	0	0	0	0	0	0	0	0	0	0	0	0	0	0	0	0	0	0	0	0	0	0	0	0	0	0	0	0	0	0	0	0	0	0	0	0	0	0	0	0	0	0	0	0	0	
hsa:2185	0	0	0.291243270807	0	0	0.20918248789	0	0.26153060964	0	0.316888947877	0.213979680177	0.280659791869	0	0	0	0	0.223050940157	0	0.270698727852	0	0	0	0	0	0	0	0	0.274297065449	0.183696425959	0	0.25761904311	0	0	0	0	0	0	0	0	0	0	0	0	0	0	0	0	0	0	0	
hsa:219	0	0	0	0	0	0	0	0	0	0	0	0	0	0	0	0	0	0	0	0	0	0	0	0	0	0	0	0	0	0	0	0	0	0	0	0	0	0	0	0	0	0	0	0	0	0	0	0	0	0	
hsa:2193	0	0	0	0	0	0	0	0	0	0	0	0	0	0	0	0	0	0	0	0	0	0	0	0	0	0	0	0	0	0	0	0	0	0	0	0	0	0	0	0	0	0	0	0	0	0	0	0	0	0	
hsa:2224	0	0	0	0	0	0	0	0	0	0	0	0	0	0	0	0	0	0	0	0	0	0	0	0	0	0	0	0	0	0	0	0	0	0	0	0	0	0	0	0	0	0	0	0	0	0	0	0	0	0	
hsa:223	0	0	0	0	0	0	0	0	0	0	0	0	0	0	0	0	0	0	0	0	0	0	0	0	0	0	0	0	0	0	0	0	0	0	0	0	0	0	0	0	0	0	0	0	0	0	0	0	0	0	
hsa:2232	0	0	0	0	0	0	0	0	0	0	0	0	0	0	0	0	0	0	0	0	0	0	0	0	0	0	0	0	0	0	0	0	0	0	0	0	0	0	0	0	0	0	0	0	0	0	0	0	0	0	
hsa:2235	0	0	0	0	0	0	0	0	0	0	0	0	0	0	0	0	0	0	0	0	0	0	0	0	0	0	0	0	0	0	0	0	0	0	0	0	0	0	0	0	0	0	0	0	0	0	0	0	0	0	
hsa:224	0	0	0	0	0	0	0	0	0	0	0	0	0	0	0	0	0	0	0	0	0	0	0	0	0	0	0	0	0	0	0	0	0	0	0	0	0	0	0	0	0	0	0	0	0	0	0	0	0	0	
hsa:2241	0.201272354558	0.11395302395	0.270348525799	0	0	0.244754766355	0	0.303158744282	0	0	0.224731067815	0.280245180316	0	0	0	0	0.222728554239	0	0	0	0	0	0	0	0	0	0	0.26294947276	0	0	0.287639976599	0	0	0	0	0	0	0	0	0	0	0	0	0	0	0	0	0	0	0	
hsa:2242	0.201272354558	0.11395302395	0.269004936755	0	0	0	0	0.303158744282	0	0	0.186472406727	0.293579452269	0	0	0.301278713273	0	0.256697692801	0	0	0	0	0	0	0	0	0	0	0.24474137739	0	0	0.25921667123	0	0.251437472294	0	0	0	0	0	0	0	0	0	0	0	0	0	0	0	0	0	
hsa:225689	0	0	0	0.2012985212	0.208556132203	0	0	0	0	0	0	0.289511525785	0.253626953398	0	0.329155784436	0	0	0	0	0	0	0	0	0.216770414915	0	0	0	0	0	0.343300077062	0	0	0	0	0	0	0	0	0	0	0	0	0	0	0	0	0	0	0	0	
hsa:2260	0.192613166413	0.117456949262	0.269586083134	0.182289992458	0	0.261526270962	0.285292528498	0	0	0	0	0.308653033061	0	0	0	0	0.263111628729	0.273461440956	0.30779129034	0	0	0	0	0.255216148363	0	0	0	0.302481428596	0	0	0	0	0	0	0	0	0	0	0	0	0	0	0	0	0	0	0	0.267556054567	0	0	
hsa:2261	0.192613166413	0.117456949262	0.269586083134	0.182289992458	0	0.283907244643	0.285292528498	0	0	0	0	0.308653033061	0	0	0	0	0.276476428262	0.282543859044	0.30779129034	0	0	0	0	0.255216148363	0	0	0	0.302481428596	0	0	0	0	0	0	0	0	0	0	0	0	0	0	0	0	0	0	0	0.269700752271	0	0	
hsa:2263	0.204323744117	0.117456949262	0.269586083134	0.182289992458	0	0.261526270962	0.244015612664	0	0	0	0	0.308653033061	0	0	0	0	0.276476428262	0.282543859044	0.30779129034	0	0	0	0	0.255216148363	0	0	0	0.302481428596	0	0	0	0	0	0	0	0	0	0	0	0	0	0	0	0	0	0	0	0.275231500369	0	0	
hsa:2264	0.201272354558	0.117456949262	0.269586083134	0.182289992458	0	0.255445122747	0.2504924547	0	0	0	0	0.294718738056	0	0	0	0	0.269028562352	0.262366459788	0.30779129034	0	0	0	0	0.255216148363	0	0	0	0.302481428596	0	0	0	0	0	0	0	0	0	0	0	0	0	0	0	0	0	0	0	0.284808748412	0	0	
hsa:2280	0	0	0	0	0	0	0	0	0	0	0	0	0	0	0	0	0	0	0	0	0	0	0	0	0	0	0	0	0	0	0	0	0	0	0	0	0	0	0	0	0	0	0	0	0	0	0	0	0	0	
hsa:22843	0	0	0	0	0	0	0	0	0	0	0	0	0	0	0	0	0	0	0	0	0	0	0	0	0	0	0	0	0	0	0	0	0	0	0	0	0	0	0	0	0	0	0	0	0	0	0	0	0	0	
hsa:22954	0	0	0	0	0	0	0	0	0	0	0	0	0	0	0	0	0	0	0	0	0	0	0	0	0	0	0	0	0	0	0	0	0	0	0	0	0	0	0	0	0	0	0	0	0	0	0	0	0	0	
hsa:22978	0	0	0	0	0	0	0	0	0	0	0	0	0	0	0	0	0	0	0	0	0	0	0	0	0	0	0	0	0	0	0	0	0	0	0	0	0	0	0	0	0	0	0	0	0	0	0	0	0	0	
hsa:23035	0	0	0	0	0	0	0	0	0	0	0	0	0	0	0	0	0	0	0	0	0	0	0	0	0	0	0	0	0	0	0	0	0	0	0	0	0	0	0	0	0	0	0	0	0	0	0	0	0	0	
hsa:23097	0	0	0	0	0.228429609404	0	0	0.287915858174	0	0	0	0	0.229369467171	0	0	0	0	0	0	0	0	0	0	0.24096531442	0	0	0	0	0	0.318506015681	0	0	0	0	0	0	0	0	0	0	0	0	0	0	0	0	0	0	0	0	
hsa:231	0	0	0	0	0	0	0	0	0	0	0	0	0	0	0	0	0	0	0	0	0	0	0	0	0	0	0	0	0	0	0	0	0	0	0	0	0	0	0	0	0	0	0	0	0	0	0	0	0	0	
hsa:2321	0.209880805963	0.117416699208	0.259993384743	0.194682376333	0	0.285292795293	0.297148719782	0	0	0	0	0	0	0	0	0	0	0.298666968865	0.300494927834	0	0	0	0	0.249706989857	0	0	0	0.28207647879	0	0	0	0	0	0	0	0	0	0	0	0	0	0	0	0	0	0	0	0.232060257413	0	0	
hsa:2322	0.218539994109	0.113927723642	0.275803534922	0.194682376333	0	0.227570536726	0.309069197486	0	0	0	0	0.296299670927	0	0	0	0	0	0.265708858873	0.241617804038	0	0	0	0	0.27386762078	0	0	0	0	0	0	0	0	0	0	0	0	0	0	0	0	0	0	0	0	0	0	0	0.218283231043	0	0	
hsa:23236	0	0	0	0	0	0	0	0	0	0	0	0	0	0	0	0	0	0	0	0	0	0	0	0	0	0	0	0	0	0	0	0	0	0	0	0	0	0	0	0	0	0	0	0	0	0	0	0	0	0	
hsa:23239	0	0	0	0	0	0	0	0	0	0	0	0	0	0	0	0	0	0	0	0	0	0	0	0	0	0	0	0	0	0	0	0	0	0	0	0	0	0	0	0	0	0	0	0	0	0	0	0	0	0	
hsa:2324	0.192613166413	0.117416699208	0.259993384743	0.194682376333	0	0	0.303771680665	0	0	0	0	0	0	0	0	0	0	0.298666968865	0.283207215454	0	0	0	0	0.240624571769	0	0	0	0.235084823818	0	0	0	0	0.233230767331	0	0	0	0	0	0	0	0	0	0	0	0	0	0	0.206382625285	0	0	
hsa:2326	0	0	0	0	0	0	0	0	0	0	0	0	0	0	0	0	0	0	0	0	0	0	0	0	0	0	0	0	0	0	0	0	0	0	0	0	0	0	0	0	0	0	0	0	0	0	0	0	0	0	
hsa:2328	0	0	0	0	0	0	0	0	0	0	0	0	0	0	0	0	0	0	0	0	0	0	0	0	0	0	0	0	0	0	0	0	0	0	0	0	0	0	0	0	0	0	0	0	0	0	0	0	0	0	
hsa:2339	0	0	0	0	0	0	0	0	0	0	0	0	0	0	0	0	0	0	0	0	0	0	0	0	0	0	0	0	0	0	0	0	0	0	0	0	0	0	0	0	0	0	0	0	0	0	0	0	0	0	
hsa:2342	0	0	0	0	0	0	0	0	0	0	0	0	0	0	0	0	0	0	0	0	0	0	0	0	0	0	0	0	0	0	0	0	0	0	0	0	0	0	0	0	0	0	0	0	0	0	0	0	0	0	
hsa:23430	0	0	0	0	0	0	0	0	0.215607650515	0	0	0	0	0.237509868932	0	0	0	0	0	0	0	0	0	0	0	0	0	0	0	0	0	0.276784720032	0	0	0	0	0	0	0	0	0	0	0	0	0	0	0	0	0	0	
hsa:23436	0	0	0	0	0	0	0	0	0.186955237878	0	0	0	0	0.249096471033	0	0	0	0	0	0	0	0	0	0	0	0	0	0	0	0	0	0.295425685618	0	0	0	0	0	0	0	0	0	0	0	0	0.330128441598	0	0	0	0	0	
hsa:23475	0	0	0	0	0	0	0	0	0	0	0	0	0	0	0	0	0	0	0	0	0	0	0	0	0	0	0	0	0	0	0	0	0	0	0	0	0	0	0	0	0	0	0	0	0	0	0	0	0	0	
hsa:2356	0	0	0	0	0	0	0	0	0	0	0	0	0	0	0	0	0	0	0	0	0	0	0	0	0	0	0	0	0	0	0	0	0	0	0	0	0	0	0	0	0	0	0	0	0	0	0	0	0	0	
hsa:23632	0	0	0	0	0	0	0	0	0	0	0	0	0	0	0	0	0	0	0	0	0	0	0	0	0	0	0	0	0	0	0	0	0	0	0	0	0	0	0	0	0	0	0	0	0	0	0	0	0	0	
hsa:238	0.195509749011	0	0	0	0	0	0	0.28186158701	0	0	0.224070443292	0.279954047559	0	0	0.253093960105	0	0.272017214611	0	0.254683453793	0	0	0	0	0	0	0	0	0.233294506302	0.211688799119	0	0.261037324693	0	0.293603237982	0	0	0	0	0	0	0	0	0	0.316335835976	0	0	0	0	0	0	0	
hsa:239	0	0	0	0	0	0	0	0	0	0	0	0	0	0	0	0	0	0	0	0	0	0	0	0	0	0	0	0	0	0	0	0	0	0	0	0	0	0	0	0	0	0	0	0	0	0	0	0	0	0	
hsa:240	0	0	0	0	0	0	0	0	0	0	0	0	0	0	0	0	0	0	0	0	0	0	0	0	0	0	0	0	0	0	0	0	0	0	0	0	0	0	0	0	0	0	0	0	0	0	0	0	0	0	
hsa:242	0	0	0	0	0	0	0	0	0	0	0	0	0	0	0	0	0	0	0	0	0	0	0	0	0	0	0	0	0	0	0	0	0	0	0	0	0	0	0	0	0	0	0	0	0	0	0	0	0	0	
hsa:246	0	0	0	0	0	0	0	0	0	0	0	0	0	0	0	0	0	0	0	0	0	0	0	0	0	0	0	0	0	0	0	0	0	0	0	0	0	0	0	0	0	0	0	0	0	0	0	0	0	0	
hsa:247	0	0	0	0	0	0	0	0	0	0	0	0	0	0	0	0	0	0	0	0	0	0	0	0	0	0	0	0	0	0	0	0	0	0	0	0	0	0	0	0	0	0	0	0	0	0	0	0	0	0	
hsa:25	0.210696946429	0.11395302395	0.276565977587	0.216105296176	0	0.241150215376	0	0	0	0	0.222830163029	0.26498866488	0	0	0.307376387643	0	0.313080967562	0.283133434114	0.231629073087	0	0	0	0	0	0	0	0	0.309761041514	0	0	0.288797655512	0	0	0	0	0	0	0	0	0	0	0	0	0	0	0	0	0	0	0	
hsa:2534	0	0	0.246454085617	0.188781729257	0.24733104249	0	0.296845095604	0	0	0.312986951935	0.202321873168	0	0	0	0.319194111827	0	0.291924606933	0.287999737939	0	0	0	0	0	0	0	0	0	0.291654939957	0	0	0.250181772636	0	0.275533135708	0	0	0	0	0	0	0	0	0	0	0	0	0	0	0	0	0	
hsa:2548	0	0	0	0	0	0	0	0	0	0	0	0	0	0	0	0	0	0	0	0	0	0	0	0	0	0	0	0	0	0	0	0	0	0	0	0	0	0	0	0	0	0	0	0	0	0	0	0	0	0	
hsa:25796	0	0	0	0	0	0	0	0	0	0	0	0	0	0	0	0	0	0	0	0	0	0	0	0	0	0	0	0	0	0	0	0	0	0	0	0	0	0	0	0	0	0	0	0	0	0	0	0	0	0	
hsa:2582	0	0	0	0	0	0	0	0	0	0	0	0	0	0	0	0	0	0	0	0	0	0	0	0	0	0	0	0	0	0	0	0	0	0	0	0	0	0	0	0	0	0	0	0	0	0	0	0	0	0	
hsa:25824	0	0	0	0	0	0	0	0	0	0	0	0	0	0	0	0	0	0	0	0	0	0	0	0	0	0	0	0	0	0	0	0	0	0	0	0	0	0	0	0	0	0	0	0	0	0	0	0	0	0	
hsa:2595	0	0	0	0	0	0	0	0	0	0	0	0	0	0	0	0	0	0	0	0	0	0	0	0	0	0	0	0	0	0	0	0	0	0	0	0	0	0	0	0	0	0	0	0	0	0	0	0	0	0	
hsa:2597	0	0	0	0	0	0	0	0	0	0	0	0	0	0	0	0	0	0	0	0	0	0	0	0	0	0	0	0	0	0	0	0	0	0	0	0	0	0	0	0	0	0	0	0	0	0	0	0	0	0	
hsa:260293	0	0	0	0	0	0	0	0	0	0	0	0	0	0	0	0.268147592492	0	0	0	0	0	0	0	0	0	0	0	0	0	0	0	0	0	0	0	0	0	0	0	0	0	0	0	0	0	0.276023267598	0	0	0	0	
hsa:26279	0	0	0	0	0	0	0	0	0	0	0	0	0	0	0	0	0	0	0	0	0	0	0	0	0	0	0	0	0	0	0	0	0	0	0	0	0	0	0	0	0	0	0	0	0	0	0	0	0	0	
hsa:2638	0	0	0	0	0	0	0	0	0	0	0	0	0	0	0	0	0	0	0	0	0	0	0	0	0	0	0	0	0	0	0	0	0	0	0	0	0	0	0	0	0	0	0	0	0	0	0	0	0	0	
hsa:2639	0	0	0	0	0	0	0	0	0	0	0	0	0	0	0	0	0	0	0	0	0	0	0	0	0	0	0	0	0	0	0	0	0	0	0	0	0	0	0	0	0	0	0	0	0	0	0	0	0	0	
hsa:2673	0	0	0	0	0	0	0	0	0	0	0	0	0	0	0	0	0	0	0	0	0	0	0	0	0	0	0	0	0	0	0	0	0	0	0	0	0	0	0	0	0	0	0	0	0	0	0	0	0	0	
hsa:2677	0	0	0	0	0	0	0	0	0	0	0	0	0	0	0	0	0	0	0	0	0	0	0	0	0	0	0	0	0	0	0	0	0	0	0	0	0	0	0	0	0	0	0	0	0	0	0	0	0	0	
hsa:270	0	0	0	0	0	0	0	0	0	0	0	0	0	0	0	0	0	0	0	0	0	0	0	0	0	0	0	0	0	0	0	0	0	0	0	0	0	0	0	0	0	0	0	0	0	0	0	0	0	0	
hsa:27032	0	0	0	0	0	0	0	0	0	0	0	0	0	0	0	0	0	0	0	0	0	0	0	0	0	0	0	0	0	0	0	0	0	0	0	0	0	0	0	0	0	0	0	0	0	0	0	0	0	0	
hsa:27034	0	0	0	0	0	0	0	0	0	0	0	0	0	0	0	0	0	0	0	0	0	0	0	0	0	0	0	0	0	0	0	0	0	0	0	0	0	0	0	0	0	0	0	0	0	0	0	0	0	0	
hsa:27115	0	0	0	0	0	0	0	0	0	0	0	0	0	0	0	0	0	0	0	0	0	0	0	0	0	0	0	0	0	0	0	0	0	0	0	0	0	0	0	0.263577053001	0	0	0	0.202760552745	0	0	0	0	0	0	
hsa:2746	0	0	0	0	0	0	0	0	0	0	0	0	0	0	0	0	0	0	0	0	0	0	0	0	0	0	0	0	0	0	0.214010276947	0	0	0	0	0	0	0	0	0	0	0	0	0	0	0	0	0	0	0	
hsa:2766	0	0	0	0	0	0	0	0	0	0	0	0	0	0	0	0	0	0	0	0	0	0	0	0	0	0	0	0	0	0	0	0	0	0	0	0	0	0	0	0	0	0	0	0	0	0	0	0	0	0	
hsa:279	0	0	0	0	0	0	0	0	0	0	0	0	0	0	0	0	0	0	0	0	0	0	0	0	0	0	0	0	0	0	0	0	0	0	0	0	0	0	0	0	0	0	0	0	0	0	0	0	0	0	
hsa:28	0	0	0	0	0	0	0	0	0	0	0	0	0	0	0	0	0	0	0	0	0	0	0	0	0	0	0	0	0	0	0	0	0	0	0	0	0	0	0	0	0	0	0	0	0	0	0	0	0	0	
hsa:2806	0	0	0	0	0	0	0	0	0	0	0	0	0	0	0	0	0	0	0	0	0	0	0	0	0	0	0	0	0	0	0.259743406979	0	0	0	0	0	0	0	0	0	0	0	0	0	0	0	0	0	0	0	
hsa:2822	0	0	0	0	0	0	0	0	0	0	0	0	0	0	0	0	0	0	0	0	0	0	0	0	0	0	0	0	0	0	0	0	0	0	0	0	0	0	0	0	0	0	0	0	0	0	0	0	0	0	
hsa:28227	0	0	0	0	0	0	0	0	0.106638345683	0	0	0	0	0	0	0	0	0	0	0	0	0	0	0	0	0	0	0	0	0	0	0	0	0	0	0	0	0	0	0	0	0	0	0	0	0	0	0	0	0	
hsa:284541	0	0	0	0	0	0	0	0	0	0	0	0	0	0	0	0.235483506437	0	0	0	0	0	0	0	0	0	0	0	0	0	0	0	0	0	0	0	0	0	0	0	0	0	0	0	0	0	0.275938849566	0	0	0	0.3216914032	
hsa:285220	0	0.113887473588	0	0	0	0	0.257371785231	0.286822763527	0	0	0.245976121629	0.306286176538	0	0	0.338230247518	0	0	0.231030414651	0	0	0	0	0	0	0	0	0	0	0	0	0.304332098449	0	0	0	0	0	0	0	0	0	0	0	0	0	0	0	0	0	0	0	
hsa:2876	0	0	0	0	0	0	0	0	0	0	0	0	0	0	0	0	0	0	0	0	0	0	0	0	0	0	0	0	0	0	0	0	0	0	0	0	0	0	0	0	0	0	0	0	0	0	0	0	0	0	
hsa:2877	0	0	0	0	0	0	0	0	0	0	0	0	0	0	0	0	0	0	0	0	0	0	0	0	0	0	0	0	0	0	0	0	0	0	0	0	0	0	0	0	0	0	0	0	0	0	0	0	0	0	
hsa:2878	0	0	0	0	0	0	0	0	0	0	0	0	0	0	0	0	0	0	0	0	0	0	0	0	0	0	0	0	0	0	0	0	0	0	0	0	0	0	0	0	0	0	0	0	0	0	0	0	0	0	
hsa:2879	0	0	0	0	0	0	0	0	0	0	0	0	0	0	0	0	0	0	0	0	0	0	0	0	0	0	0	0	0	0	0	0	0	0	0	0	0	0	0	0	0	0	0	0	0	0	0	0	0	0	
hsa:2880	0	0	0	0	0	0	0	0	0	0	0	0	0	0	0	0	0	0	0	0	0	0	0	0	0	0	0	0	0	0	0	0	0	0	0	0	0	0	0	0	0	0	0	0	0	0	0	0	0	0	
hsa:2882	0	0	0	0	0	0	0	0	0	0	0	0	0	0	0	0	0	0	0	0	0	0	0	0	0	0	0	0	0	0	0	0	0	0	0	0	0	0	0	0	0	0	0	0	0	0	0	0	0	0	
hsa:28972	0	0	0	0	0	0	0	0	0	0	0	0	0	0	0	0	0	0	0	0	0	0	0	0	0	0	0	0	0	0	0	0	0	0	0	0	0	0	0	0	0	0	0	0	0	0	0	0	0	0	
hsa:2936	0	0	0	0	0	0	0	0	0	0	0	0	0	0	0	0	0	0	0	0	0	0	0	0	0	0	0	0	0	0	0	0	0	0	0	0	0	0	0	0	0	0	0	0	0	0	0	0	0	0	
hsa:2950	0	0	0	0	0	0	0	0	0	0	0	0	0	0	0	0	0	0	0	0	0	0	0	0	0	0	0	0	0	0	0	0	0	0	0	0	0	0	0	0	0	0	0	0	0	0	0	0	0	0	
hsa:29785	0	0	0	0	0	0	0	0	0	0	0	0	0	0	0	0.242128948296	0	0	0	0	0	0	0	0	0	0	0	0	0	0	0	0	0	0	0	0	0	0	0	0	0	0	0	0	0	0.32751716293	0	0	0	0.266914090702	
hsa:29920	0	0	0	0	0	0	0	0	0	0	0	0	0	0	0	0	0	0	0	0	0	0	0	0	0	0	0	0	0	0	0	0	0	0	0	0	0	0	0	0	0	0.2428258131	0	0	0	0	0	0	0	0	
hsa:29941	0	0	0	0	0	0	0	0.262274751243	0	0	0	0	0	0	0	0	0	0	0	0	0	0	0	0.243427292347	0	0	0	0	0	0.293470917213	0	0	0	0	0	0	0	0	0	0	0	0	0	0	0	0	0	0	0	0	
hsa:29968	0	0	0	0	0	0	0	0	0	0	0	0	0	0	0	0	0	0	0	0	0	0	0	0	0	0	0	0	0	0	0	0	0	0	0	0	0	0	0	0	0	0	0	0	0	0	0	0	0	0	
hsa:30	0	0	0	0	0	0	0	0	0	0	0	0	0	0	0	0	0	0	0	0	0	0	0	0	0	0	0	0	0	0	0	0	0	0	0	0	0	0	0	0	0	0	0	0	0	0	0	0	0	0	
hsa:3001	0	0	0	0	0	0	0	0	0.172247704924	0	0	0	0	0.187683023916	0	0	0	0	0	0	0	0	0	0	0	0	0	0	0	0	0	0.259865010274	0	0	0	0	0	0	0	0	0	0	0	0	0	0	0	0	0	0	
hsa:3002	0	0	0	0	0	0	0	0	0.184465559061	0	0	0	0	0.22103360791	0	0	0	0	0	0	0	0	0	0	0	0	0	0	0	0	0	0.268611527711	0	0	0	0	0	0	0	0	0	0	0	0	0.294373632239	0	0	0	0	0	
hsa:3028	0	0	0	0	0	0	0	0	0	0	0	0	0	0	0	0	0	0	0	0	0	0	0	0	0	0	0	0	0	0	0	0	0	0	0	0	0	0	0	0	0	0	0	0	0	0	0	0	0	0	
hsa:3033	0	0	0	0	0	0	0	0	0	0	0	0	0	0	0	0	0	0	0	0	0	0	0	0	0	0	0	0	0	0	0	0	0	0	0	0	0	0	0	0	0	0	0	0	0	0	0	0	0	0	
hsa:3034	0	0	0	0	0	0	0	0	0	0	0	0	0	0	0	0	0	0	0	0	0	0	0	0	0	0	0	0	0	0	0	0	0	0	0	0	0	0	0	0	0	0	0	0	0	0	0	0	0	0	
hsa:3035	0	0	0	0	0	0	0	0	0	0	0	0	0	0	0	0	0	0	0	0	0	0	0	0	0	0	0	0	0	0	0	0	0	0	0	0	0	0	0	0	0	0	0	0	0	0	0	0	0	0	
hsa:3055	0	0	0.266360892624	0.188781729257	0.245101980136	0.252521655304	0.309603690549	0	0	0.302411527176	0.240447609326	0	0	0	0.351034123177	0	0.319654105037	0.276232976993	0.256962885212	0	0	0	0	0	0	0	0	0.295765311956	0	0	0.258667867806	0	0	0	0	0	0	0	0	0	0	0	0	0	0	0	0	0	0	0	
hsa:306	0	0	0	0	0	0	0	0	0	0	0	0	0	0	0	0	0	0	0	0	0	0	0	0	0	0	0	0	0	0	0	0	0	0	0	0	0	0	0	0	0	0	0	0	0	0	0	0	0	0	
hsa:3067	0	0	0	0	0	0	0	0	0	0	0	0	0	0	0	0	0	0	0	0	0	0	0	0	0	0	0	0	0	0	0	0	0	0	0	0	0	0	0	0	0	0	0	0	0	0	0	0	0	0	
hsa:30814	0	0	0	0	0	0	0	0	0	0	0	0	0	0	0	0	0	0	0	0	0	0	0	0	0	0	0	0	0	0	0	0	0	0	0	0	0	0	0	0	0	0	0	0	0	0	0	0	0	0	
hsa:30833	0	0	0	0	0	0	0	0	0	0	0	0	0	0	0	0	0	0	0	0	0	0	0	0	0	0	0	0	0	0	0	0	0	0	0	0	0	0	0	0	0	0	0	0	0	0	0	0	0	0	
hsa:31	0	0	0	0	0	0	0	0	0	0	0	0	0	0	0	0	0	0	0	0	0	0	0	0	0	0	0	0	0	0	0	0	0	0	0	0	0	0	0	0	0	0	0	0	0	0	0	0	0	0	
hsa:313	0	0	0	0	0	0	0	0	0	0	0	0	0	0	0	0	0	0	0	0	0	0	0	0	0	0	0	0	0	0	0	0	0	0	0	0	0	0	0	0	0	0	0	0	0	0	0	0	0	0	
hsa:3141	0	0	0	0	0	0	0	0	0	0	0	0	0	0	0	0	0	0	0	0	0	0	0	0	0	0	0	0	0	0	0	0	0	0	0	0	0	0	0	0	0	0	0	0	0	0	0	0	0	0	
hsa:3156	0	0	0	0	0	0	0	0	0	0	0	0	0	0	0	0	0	0	0	0	0	0	0	0	0	0	0	0	0	0	0	0	0	0	0	0	0	0	0	0	0	0	0	0	0	0	0	0	0	0	
hsa:32	0	0	0	0	0	0	0	0	0	0	0	0	0	0	0	0	0	0	0	0	0	0	0	0	0	0	0	0	0	0	0	0	0	0	0	0	0	0	0	0	0	0	0	0	0	0	0	0	0	0	
hsa:326625	0	0	0	0	0	0	0	0	0	0	0	0	0	0	0	0	0	0	0	0	0	0	0	0	0	0	0	0	0	0	0	0	0	0	0	0	0	0	0	0	0	0	0	0	0	0	0	0	0	0	
hsa:327	0	0	0	0	0	0	0	0	0	0	0	0	0	0	0	0	0	0	0	0	0	0	0	0	0	0	0	0	0	0	0	0	0	0	0	0	0	0	0	0	0	0	0	0	0	0	0	0	0	0	
hsa:3283	0	0	0	0	0	0	0	0	0	0	0	0	0	0	0	0	0	0	0	0	0	0	0	0	0	0	0	0	0	0	0	0.244356558481	0	0	0	0	0	0	0	0	0	0	0	0	0	0	0	0	0	0	
hsa:3290	0	0	0	0	0	0	0	0	0	0	0	0	0	0	0	0	0	0	0	0	0	0	0	0	0	0	0	0	0	0	0	0	0	0	0	0	0	0	0	0	0	0	0	0	0	0	0	0	0	0	
hsa:3291	0	0	0	0	0	0	0	0	0	0	0	0	0	0	0	0	0	0	0	0	0	0	0	0	0	0	0	0	0	0	0	0	0	0	0	0	0	0	0	0	0	0	0	0	0	0	0	0	0	0	
hsa:3292	0	0	0	0	0	0	0	0	0	0	0	0	0	0	0	0	0	0	0	0	0	0	0	0	0	0	0	0	0	0	0	0	0	0	0	0	0	0	0	0	0	0	0	0	0	0	0	0	0	0	
hsa:3295	0	0	0	0	0	0	0	0	0	0	0	0	0	0	0	0	0	0	0	0	0	0	0	0	0	0	0	0	0	0	0	0	0	0	0	0	0	0	0	0	0	0	0	0	0	0	0	0	0	0	
hsa:3376	0	0	0	0	0	0	0	0	0	0	0	0	0	0	0	0	0	0	0	0	0	0	0	0	0	0	0	0	0	0	0	0	0	0	0	0	0	0	0	0	0	0	0	0	0	0	0	0	0	0	
hsa:339221	0	0	0	0	0	0	0	0	0	0	0	0	0	0	0	0	0	0	0	0	0	0	0	0	0	0	0	0	0	0	0	0	0	0	0	0	0	0	0	0	0	0	0	0	0	0	0	0	0	0	
hsa:34	0	0	0	0	0	0	0	0	0	0	0	0	0	0	0	0	0	0	0	0	0	0	0	0	0	0	0	0	0	0	0	0	0	0	0	0	0	0	0	0	0	0	0	0	0	0	0	0	0	0	
hsa:3416	0	0	0	0	0	0	0	0	0	0	0	0	0	0	0	0	0	0	0	0	0	0	0	0	0	0	0	0	0	0	0	0	0	0	0	0	0	0	0	0	0	0	0	0	0	0	0	0	0	0	
hsa:3480	0.200093927903	0	0.30724019214	0.210485700627	0	0	0.232770583857	0	0	0	0.211537764514	0	0	0	0	0	0	0	0	0	0	0	0	0	0	0	0	0.249825307281	0.191343687853	0	0.299315853822	0	0.272702834123	0	0	0	0	0	0	0	0	0	0	0	0	0	0	0	0	0	
hsa:349565	0	0	0	0	0	0	0	0	0	0	0	0	0	0	0	0	0	0	0	0	0	0	0	0	0	0	0	0	0	0	0	0	0	0	0	0	0	0	0	0	0	0	0	0	0	0	0	0	0	0	
hsa:35	0	0	0	0	0	0	0	0	0	0	0	0	0	0	0	0	0	0	0	0	0	0	0	0	0	0	0	0	0	0	0	0	0	0	0	0	0	0	0	0	0	0	0	0	0	0	0	0	0	0	
hsa:353	0	0	0	0	0	0	0	0	0	0	0	0	0	0	0	0	0	0	0	0	0	0	0	0	0	0	0	0	0	0	0	0	0	0	0	0	0	0	0	0	0	0	0	0	0	0	0	0	0	0	
hsa:354	0	0	0	0	0	0	0	0	0.174897795551	0	0	0	0	0.237509868932	0	0	0	0	0	0	0	0	0	0	0	0	0	0	0	0	0	0.3050399687	0	0	0	0	0	0	0	0	0	0	0	0	0.272027383577	0	0	0	0	0	
hsa:3551	0	0	0	0	0.212651819905	0	0	0	0	0	0	0	0.221365525868	0	0	0	0	0	0	0	0	0	0	0.179997075476	0	0	0	0	0	0.280979902398	0	0	0	0	0	0	0	0	0	0	0	0	0	0	0	0	0	0	0	0	
hsa:36	0	0	0	0	0	0	0	0	0	0	0	0	0	0	0	0	0	0	0	0	0	0	0	0	0	0	0	0	0	0	0	0	0	0	0	0	0	0	0	0	0	0	0	0	0	0	0	0	0	0	
hsa:3612	0	0	0	0	0	0	0	0	0	0	0	0	0	0	0	0	0	0	0	0	0	0	0	0	0	0	0	0	0	0	0	0	0	0	0	0	0	0	0	0	0	0	0	0	0	0	0	0	0	0	
hsa:3614	0	0	0	0	0	0	0	0	0	0	0	0	0	0	0	0	0	0	0	0	0	0	0	0	0	0	0	0	0	0	0	0	0	0	0	0	0	0	0	0	0	0	0	0	0	0	0	0	0	0	
hsa:3615	0	0	0	0	0	0	0	0	0	0	0	0	0	0	0	0	0	0	0	0	0	0	0	0	0	0	0	0	0	0	0	0	0	0	0	0	0	0	0	0	0	0	0	0	0	0	0	0	0	0	
hsa:3643	0.202990510502	0.11042379833	0.289156412124	0.210485700627	0	0	0.232770583857	0	0	0	0.211537764514	0	0	0	0.27961734952	0	0	0	0	0	0	0	0	0	0	0	0	0.251464794565	0	0	0.299315853822	0	0.229458495942	0	0	0	0	0	0	0	0	0	0	0	0	0	0	0	0	0	
hsa:3645	0.200093927903	0.11042379833	0.289156412124	0.210485700627	0	0	0.267256681878	0	0	0	0.211537764514	0	0	0	0	0	0	0	0	0	0	0	0	0	0	0	0	0	0	0	0.308181772636	0	0.24806045051	0	0	0	0	0	0	0	0	0	0	0	0	0	0	0	0	0	
hsa:3702	0.204323744117	0.11395302395	0	0	0	0	0	0.250707543035	0	0	0	0	0	0	0.320242682102	0	0	0.335550322178	0	0	0	0	0	0	0	0	0	0.249537496438	0	0	0.256851630455	0	0.280537296399	0	0	0	0	0	0	0	0	0	0.270826998767	0	0	0	0	0	0	0	
hsa:3712	0	0	0	0	0	0	0	0	0	0	0	0	0	0	0	0	0	0	0	0	0	0	0	0	0	0	0	0	0	0	0	0	0	0	0	0	0	0	0	0	0	0	0	0	0	0	0	0	0	0	
hsa:3716	0	0.113927723642	0	0	0	0.299718640407	0.227911277947	0.282622900264	0	0.294180324483	0	0	0	0	0	0	0.274554589271	0	0	0	0	0	0	0.23939911097	0	0	0	0.196253692139	0	0	0	0	0	0	0	0	0	0	0	0	0	0	0	0	0	0	0	0	0	0	
hsa:3717	0.213015558513	0.125848069713	0	0	0	0.263962998878	0.269540939417	0.282622900264	0	0.27818356819	0	0	0	0	0	0	0.286604670082	0	0	0	0	0	0	0.223164693327	0	0	0	0	0	0	0	0	0	0	0	0	0	0	0	0	0	0	0.269913687079	0	0	0	0	0	0	0	
hsa:3718	0.213015558513	0.113887473588	0	0.207502082014	0	0	0.269540939417	0	0	0	0	0	0	0	0	0	0.241190960109	0	0	0	0	0	0	0.223164693327	0	0	0	0.227836983851	0	0	0	0	0.28515783959	0	0	0	0	0	0	0	0	0	0.269913687079	0	0	0	0	0	0	0	
hsa:3735	0	0	0	0	0	0	0	0	0	0	0	0	0	0	0	0	0	0	0	0	0	0	0	0	0	0	0	0	0	0	0	0	0	0	0	0	0	0	0	0	0	0	0	0	0	0	0	0	0	0	
hsa:377677	0	0	0	0	0	0	0	0	0	0	0	0	0	0	0	0	0	0	0	0	0	0	0	0	0	0	0	0	0	0	0	0	0	0	0	0	0	0	0	0	0	0	0	0	0	0	0	0	0	0	
hsa:3791	0.192613166413	0.117416699208	0.218219574343	0.194682376333	0	0.234580715736	0.309527322193	0	0	0	0	0	0	0	0	0	0	0.298666968865	0.283207215454	0	0	0	0	0.268014252245	0	0	0	0.305671378131	0	0	0	0	0	0	0	0	0	0	0	0	0	0	0	0	0	0	0	0.228781682278	0	0	
hsa:38	0	0	0	0	0	0	0	0	0	0	0	0	0	0	0	0	0	0	0	0	0	0	0	0	0	0	0	0	0	0	0	0	0	0	0	0	0	0	0	0	0	0	0	0	0	0	0	0	0	0	
hsa:3815	0	0.117416699208	0.271815901746	0.155970088712	0	0.223866594134	0.307138776606	0	0	0.294158357764	0	0.283234021172	0	0	0	0	0	0.249300810033	0	0	0	0	0	0.254404020948	0	0	0	0.261440951077	0	0	0	0	0	0	0	0	0	0	0	0	0	0	0	0	0	0	0	0.219971876787	0	0	
hsa:3816	0	0	0	0	0	0	0	0	0.164162498796	0	0	0	0	0.208157679733	0	0	0	0	0	0	0	0	0	0	0	0	0	0	0	0	0	0.300564247153	0	0	0	0	0	0	0	0	0	0	0	0	0.27566394366	0	0	0	0	0	
hsa:3817	0	0	0	0	0	0	0	0	0.174897795551	0	0	0	0	0.237509868932	0	0	0	0	0	0	0	0	0	0	0	0	0	0	0	0	0	0.3050399687	0	0	0	0	0	0	0	0	0	0	0	0	0.272027383577	0	0	0	0	0	
hsa:3818	0	0	0	0	0	0	0	0	0.201219696029	0	0	0	0	0.199216674736	0	0	0	0	0	0	0	0	0	0	0	0	0	0	0	0.336619540453	0	0.279356773266	0	0	0	0	0	0	0	0	0	0	0	0	0.260924690134	0	0	0	0	0	
hsa:3906	0	0	0	0	0	0	0	0	0	0	0	0	0	0	0	0	0	0	0	0	0	0	0	0	0	0	0	0	0	0	0	0	0	0	0	0	0	0	0	0	0	0	0	0	0	0	0	0	0	0	
hsa:3932	0	0	0.266360892624	0.188781729257	0.245101980136	0.271815253214	0.309603690549	0	0	0.312986951935	0.240447609326	0	0	0	0.370799212381	0	0.284134591015	0.213471122968	0.215373473796	0	0	0	0	0	0	0	0	0.261875526616	0	0	0.23977818093	0	0	0	0	0	0	0	0	0	0	0	0	0	0	0	0	0	0	0	
hsa:3939	0	0	0	0	0	0	0	0	0	0	0	0	0	0	0	0	0	0	0	0	0	0	0	0	0	0	0	0	0	0	0	0	0	0	0	0	0	0	0	0	0	0	0	0	0	0	0	0	0	0	
hsa:3945	0	0	0	0	0	0	0	0	0	0	0	0	0	0	0	0	0	0	0	0	0	0	0	0	0	0	0	0	0	0	0	0	0	0	0	0	0	0	0	0	0	0	0	0	0	0	0	0	0	0	
hsa:3988	0	0	0	0	0	0	0	0	0	0	0	0	0	0	0	0	0	0	0	0	0	0	0	0	0	0	0	0	0	0	0	0	0	0	0	0	0	0	0	0	0	0	0	0	0	0	0	0	0	0	
hsa:3990	0	0	0	0	0	0	0	0	0	0	0	0	0	0	0	0	0	0	0	0	0	0	0	0	0	0	0	0	0	0	0	0	0	0	0	0	0	0	0	0	0	0	0	0	0	0	0	0	0	0	
hsa:3991	0	0	0	0	0	0	0	0	0	0	0	0	0	0	0	0	0	0	0	0	0	0	0	0	0	0	0	0	0	0	0	0	0	0	0	0	0	0	0	0	0	0	0	0	0	0	0	0	0	0	
hsa:4017	0	0	0	0	0	0	0	0	0	0	0	0	0	0	0	0	0	0	0	0	0	0	0	0	0	0	0	0	0	0	0	0	0	0	0.290839694407	0	0	0	0	0	0	0	0	0	0	0	0	0	0	0	
hsa:4023	0	0	0	0	0	0	0	0	0	0	0	0	0	0	0	0	0	0	0	0	0	0	0	0	0	0	0	0	0	0	0	0	0	0	0	0	0	0	0	0	0	0	0	0	0	0	0	0	0	0	
hsa:4025	0	0	0	0	0	0	0	0	0	0	0	0	0	0	0	0	0	0	0	0	0	0	0	0	0	0	0	0	0	0	0	0	0	0	0	0	0	0	0	0	0	0	0	0	0	0	0	0	0	0	
hsa:4048	0	0	0	0	0	0	0	0	0	0	0	0	0	0	0	0	0	0	0	0	0	0	0	0	0	0	0	0	0	0	0	0	0	0	0	0	0	0	0	0	0	0	0	0	0	0	0	0	0	0	
hsa:4051	0	0	0	0	0	0	0	0	0	0	0	0	0	0	0	0.288473239974	0	0	0	0	0	0	0	0	0	0	0	0	0	0	0	0	0	0	0	0	0	0	0	0	0	0	0	0	0	0	0	0	0	0.31135892711	
hsa:4058	0	0	0	0	0	0	0	0.28186158701	0	0.298262098383	0.224070443292	0	0	0	0	0	0.280681638046	0	0.254683453793	0	0	0	0	0	0	0	0	0	0.211688799119	0	0.261037324693	0	0.293603237982	0	0	0	0	0	0	0	0	0	0.316335835976	0	0	0	0	0	0	0	
hsa:4067	0	0	0.266360892624	0.188781729257	0.241540542034	0.24352443698	0.291124538382	0	0	0.320542826685	0.240447609326	0	0	0	0.348287307566	0	0.325405040598	0.281015871015	0.267523053442	0	0	0	0	0	0	0	0	0	0	0	0.252131543065	0	0	0	0	0	0	0	0	0	0	0	0	0	0	0	0	0	0	0	
hsa:4128	0	0	0	0	0	0	0	0	0	0	0	0	0	0	0	0	0	0	0	0	0	0	0	0	0	0	0	0	0	0	0	0	0	0	0	0	0	0	0	0	0	0	0	0	0	0	0	0	0	0	
hsa:4129	0	0	0	0	0	0	0	0	0	0	0	0	0	0	0	0	0	0	0	0	0	0	0	0	0	0	0	0	0	0	0	0	0	0	0	0	0	0	0	0	0	0	0	0	0	0	0	0	0	0	
hsa:4143	0	0	0	0	0	0	0	0	0	0	0	0	0	0	0	0	0	0	0	0	0	0	0	0	0	0	0	0	0	0	0	0	0	0	0	0	0	0	0	0	0	0	0	0	0	0	0	0	0	0	
hsa:4145	0.192613166413	0.113887473588	0.269004936755	0	0	0	0.272402178454	0.29324251899	0	0	0	0.285977144256	0	0	0.312491100317	0	0.316973588752	0	0.259031466596	0	0	0	0	0.240434904156	0	0	0	0	0	0	0.235596758883	0	0.24736410588	0	0	0	0	0	0	0	0	0	0	0	0	0	0	0	0	0	
hsa:4190	0	0	0	0	0	0	0	0	0	0	0	0	0	0	0	0	0	0	0	0	0	0	0	0	0	0	0	0	0	0	0	0	0	0	0	0	0	0	0	0	0	0	0	0	0	0	0	0	0	0	
hsa:4191	0	0	0	0	0	0	0	0	0	0	0	0	0	0	0	0	0	0	0	0	0	0	0	0	0	0	0	0	0	0	0	0	0	0	0	0	0	0	0	0	0	0	0	0	0	0	0	0	0	0	
hsa:4200	0	0	0	0	0	0	0	0	0	0	0	0	0	0	0	0	0	0	0	0	0	0	0	0	0	0	0	0	0	0	0	0	0	0	0	0	0	0	0	0	0	0	0	0	0	0	0	0	0	0	
hsa:4233	0.192613166413	0	0	0.205686856377	0	0.253702158414	0.274837520446	0	0	0	0	0.248216208093	0	0	0	0	0.204550781669	0	0	0	0	0	0	0	0	0	0	0	0.191343687853	0	0.207726338527	0	0	0	0	0	0	0	0	0	0	0	0.323333285165	0	0	0	0	0	0	0	
hsa:4281	0	0	0	0	0	0	0	0	0	0	0	0	0	0	0	0	0	0	0	0	0	0	0	0	0	0	0	0	0	0	0	0	0	0	0	0	0	0	0	0	0	0	0	0	0	0	0	0	0	0	
hsa:4282	0	0	0	0	0	0	0	0	0	0	0	0	0	0	0	0	0	0	0	0	0	0	0	0	0	0	0	0	0	0	0	0	0	0	0	0	0	0	0	0	0	0	0	0	0	0	0	0	0	0	
hsa:43	0	0	0	0	0	0	0	0	0	0	0	0	0	0	0	0	0	0	0	0	0	0	0	0	0	0	0	0	0	0	0	0	0	0	0	0	0	0	0	0	0	0	0	0	0	0	0	0	0	0	
hsa:4311	0	0	0	0	0	0	0	0	0	0	0	0	0	0	0	0	0	0	0	0	0	0	0	0	0	0	0	0	0	0	0	0	0	0	0	0	0	0	0	0	0	0	0	0	0	0	0	0	0	0	
hsa:4329	0	0	0	0	0	0	0	0	0	0	0	0	0	0	0	0	0	0	0	0	0	0	0	0	0	0	0	0	0	0	0	0	0	0	0	0	0	0	0	0	0	0	0	0	0	0	0	0	0	0	
hsa:4353	0	0	0	0	0	0	0	0	0	0	0	0	0	0	0	0	0	0	0	0	0	0	0	0	0	0	0	0	0	0	0	0	0	0	0	0	0	0	0	0	0	0	0	0	0	0	0	0	0	0	
hsa:444	0	0	0	0	0	0	0	0	0	0	0	0	0	0	0	0	0	0	0	0	0	0	0	0	0	0	0	0	0	0	0	0	0	0	0	0	0	0	0	0	0	0	0	0	0	0	0	0	0	0	
hsa:4482	0	0	0	0	0	0	0	0	0	0	0	0	0	0	0	0	0	0	0	0	0	0	0	0	0	0	0	0	0	0	0	0	0	0	0	0	0	0	0	0	0	0	0	0	0	0	0	0	0	0	
hsa:4486	0.192613166413	0	0.276024177799	0.205686856377	0	0	0.285292528498	0	0	0	0.185192545563	0	0	0	0	0	0.235295075271	0	0	0	0	0	0	0	0	0	0	0	0.191343687853	0	0	0	0.297294121323	0	0	0	0	0	0	0	0	0	0	0	0	0	0	0.19648460906	0	0	
hsa:4548	0	0	0	0	0	0	0	0	0	0	0	0	0	0	0	0	0	0	0	0	0	0	0	0	0	0	0	0	0	0	0	0	0	0	0	0	0	0	0	0	0	0	0	0	0	0	0	0	0	0	
hsa:4552	0	0	0	0	0	0	0	0	0	0	0	0	0	0	0	0	0	0	0	0	0	0	0	0	0	0	0	0	0	0	0	0	0	0	0	0	0	0	0	0	0	0	0	0	0	0	0	0	0	0	
hsa:4593	0	0	0	0.209489151309	0	0.258664403695	0.27369034074	0	0	0.335062251676	0.217153445545	0.292015799936	0.207806003384	0	0	0	0	0.258421146493	0.285251878823	0	0	0	0	0	0	0	0	0.227431369164	0.200135813252	0	0.245249655959	0	0	0	0	0	0	0	0	0	0	0	0.312884054386	0	0	0	0	0.231125233499	0	0	
hsa:4594	0	0	0	0	0	0	0	0	0	0	0	0	0	0	0	0	0	0	0	0	0	0	0	0	0	0	0	0	0	0	0	0	0	0	0	0	0	0	0	0	0	0	0	0	0	0	0	0	0	0	
hsa:472	0	0	0	0	0	0	0	0	0	0	0	0	0	0	0	0	0	0	0	0	0	0	0	0	0	0	0	0	0	0	0	0	0	0	0	0	0	0	0	0	0	0	0	0	0	0	0	0	0	0	
hsa:4758	0	0	0	0	0	0	0	0	0	0	0	0	0	0	0	0	0	0	0	0	0	0	0	0	0	0	0	0	0	0	0	0	0	0	0	0	0	0	0	0	0	0	0	0	0	0	0	0	0	0	
hsa:4759	0	0	0	0	0	0	0	0	0	0	0	0	0	0	0	0	0	0	0	0	0	0	0	0	0	0	0	0	0	0	0	0	0	0	0	0	0	0	0	0	0	0	0	0	0	0	0	0	0	0	
hsa:476	0	0	0	0	0	0	0	0	0	0	0	0	0	0	0	0	0	0	0	0	0	0	0	0	0	0	0	0	0	0	0	0	0	0	0	0	0	0	0	0	0	0	0	0	0	0	0	0	0	0	
hsa:4835	0	0	0	0	0	0	0	0	0	0	0	0	0	0	0	0	0	0	0	0	0	0	0	0	0	0	0	0	0	0	0	0	0	0	0	0	0	0	0	0	0	0	0	0	0	0	0	0	0	0	
hsa:4837	0	0	0	0	0	0	0	0	0	0	0	0	0	0	0	0	0	0	0	0	0	0	0	0	0	0	0	0	0	0	0	0	0	0	0	0	0	0	0	0	0	0	0	0	0	0	0	0	0	0	
hsa:4860	0	0	0	0	0	0	0	0	0	0	0	0	0	0	0	0	0	0	0	0	0	0	0	0	0	0	0	0	0	0	0	0	0	0	0	0	0	0	0	0	0	0	0	0	0	0	0	0	0	0	
hsa:4881	0	0	0	0	0	0	0	0	0	0.313207594812	0	0	0	0	0	0	0	0	0	0	0	0	0	0	0	0	0	0.243912971363	0	0	0	0	0.233720434944	0	0	0	0	0	0	0	0	0	0	0	0	0	0	0	0	0	
hsa:49	0	0	0	0	0	0	0	0	0.204872353761	0	0	0	0	0.199066149519	0	0	0	0	0	0	0	0	0	0	0	0	0	0	0	0.348385698942	0	0.251845191463	0	0	0	0	0	0	0	0	0	0	0	0	0	0	0	0	0	0	
hsa:4907	0	0	0	0	0	0	0	0	0	0	0	0	0	0	0	0	0	0	0	0	0	0	0	0	0	0	0	0	0	0	0	0	0	0	0	0	0	0	0	0	0	0	0	0	0	0	0	0	0	0	
hsa:4914	0.200093927903	0	0	0.227773413007	0	0.262602477591	0.254137835494	0	0	0	0.227162070695	0	0	0	0.29438899922	0	0	0.237000698227	0.316394702191	0	0	0	0	0	0	0	0	0	0.200135813252	0	0	0	0	0	0	0	0	0	0	0	0	0	0.312884054386	0	0	0	0	0	0	0	
hsa:4915	0.179235831296	0	0	0.227773413007	0	0.279862502997	0.248417278273	0	0	0	0.227162070695	0	0	0	0.29438899922	0	0	0.251606636045	0.316394702191	0	0	0	0	0	0	0	0	0	0.200135813252	0	0	0	0	0	0	0	0	0	0	0	0	0	0.312884054386	0	0	0	0	0	0	0	
hsa:4916	0.158320117503	0	0	0.227773413007	0	0.251770303505	0.248417278273	0	0	0	0.227162070695	0	0	0	0.29438899922	0	0	0.217043774366	0.316394702191	0	0	0	0	0	0	0	0	0	0.200135813252	0	0	0	0	0	0	0	0	0	0	0	0	0	0.312884054386	0	0	0	0	0	0	0	
hsa:4919	0.202990510502	0	0	0	0	0.195302582418	0.270358329106	0.291129119447	0	0	0	0.281917919354	0	0	0	0	0	0.227576516312	0.278813316926	0	0	0	0	0	0	0	0	0.244401759981	0.211688799119	0	0.272779869294	0	0	0	0	0	0	0	0	0	0	0	0.308293619147	0	0	0	0	0.268597260406	0	0	
hsa:4920	0	0	0.280294916205	0	0	0	0.270358329106	0	0	0.325319051312	0	0.280368576752	0	0	0	0	0.280618434342	0.263387990353	0.292274515607	0	0	0	0	0	0	0	0	0.244401759981	0.220480924518	0	0	0	0.274770595053	0	0	0	0	0	0	0	0	0	0	0	0	0	0	0.254465603338	0	0	
hsa:4921	0	0	0	0.217249693785	0	0.22754824088	0.254147679525	0	0	0.355943945322	0.216743630895	0.285632952684	0	0	0.350751817692	0	0	0.291455301809	0	0	0	0	0	0	0	0	0	0.264689806348	0.200135813252	0	0.276340427825	0	0	0	0	0	0	0	0	0	0	0	0.266360100672	0	0	0	0	0	0	0	
hsa:4942	0	0	0	0	0	0	0	0	0	0	0	0	0	0	0	0	0	0	0	0	0	0	0	0	0	0	0	0	0	0	0	0	0	0	0	0	0	0	0	0	0	0	0	0	0	0	0	0	0	0	
hsa:495	0	0	0	0	0	0	0	0	0	0	0	0	0	0	0	0	0	0	0	0	0	0	0	0	0	0	0	0	0	0	0	0	0	0	0	0	0	0	0	0	0	0	0	0	0	0	0	0	0	0	
hsa:4953	0	0	0	0	0	0	0	0	0	0	0	0	0	0	0	0	0	0	0	0	0	0	0	0	0	0	0	0	0	0	0	0	0	0	0	0	0	0	0	0	0	0	0	0	0	0	0	0	0	0	
hsa:50	0	0	0	0	0	0	0	0	0	0	0	0	0	0	0	0	0	0	0	0	0	0	0	0	0	0	0	0	0	0	0	0	0	0	0	0	0	0	0	0	0	0	0	0	0	0	0	0	0	0	
hsa:501	0	0	0	0	0	0	0	0	0	0	0	0	0	0	0	0	0	0	0	0	0	0	0	0	0	0	0	0	0	0	0	0	0	0	0	0	0	0	0	0	0	0	0	0	0	0	0	0	0	0	
hsa:5033	0	0	0	0	0	0	0	0	0	0	0	0	0	0	0	0	0	0	0	0	0	0	0	0	0	0	0	0	0	0	0	0	0	0	0	0	0	0	0	0	0	0	0	0	0	0	0	0	0	0	
hsa:5045	0	0	0	0	0	0	0	0	0	0	0	0	0	0	0	0	0	0	0	0	0	0	0	0	0	0	0	0	0	0	0	0	0	0	0	0	0	0	0	0	0	0	0	0	0	0	0	0	0	0	
hsa:50484	0	0	0	0	0	0	0	0	0	0	0	0	0	0	0	0	0	0	0	0	0	0	0	0	0	0	0	0	0	0	0	0	0	0	0	0	0	0	0	0	0	0	0	0	0	0	0	0	0	0	
hsa:50487	0	0	0	0	0	0	0	0	0	0	0	0	0	0	0	0	0	0	0	0	0	0	0	0	0	0	0	0	0	0	0	0	0	0	0	0	0	0	0	0	0	0	0	0	0	0	0	0	0	0	
hsa:5049	0	0	0	0	0	0	0	0	0	0	0	0	0	0	0	0	0	0	0	0	0	0	0	0	0	0	0	0	0	0	0	0	0	0	0	0	0	0	0	0	0	0	0	0	0	0	0	0	0	0	
hsa:5050	0	0	0	0	0	0	0	0	0	0	0	0	0	0	0	0	0	0	0	0	0	0	0	0	0	0	0	0	0	0	0	0	0	0	0	0	0	0	0	0	0	0	0	0	0	0	0	0	0	0	
hsa:5051	0	0	0	0	0	0	0	0	0	0	0	0	0	0	0	0	0	0	0	0	0	0	0	0	0	0	0	0	0	0	0	0	0	0	0	0	0	0	0	0	0	0	0	0	0	0	0	0	0	0	
hsa:5052	0	0	0	0	0	0	0	0	0	0	0	0	0	0	0	0	0	0	0	0	0	0	0	0	0	0	0	0	0	0	0	0	0	0	0	0	0	0	0	0	0	0	0	0	0	0	0	0	0	0	
hsa:5053	0	0	0	0	0	0	0	0	0	0	0	0	0	0	0	0	0	0	0	0	0	0	0	0	0	0	0	0	0	0	0	0	0	0	0	0	0	0	0	0	0	0	0	0	0	0	0	0	0	0	
hsa:5091	0	0	0	0	0	0	0	0	0	0	0	0	0	0	0	0	0	0	0	0	0	0	0	0	0	0	0	0	0	0	0	0	0	0	0	0	0	0	0	0	0	0	0	0	0	0	0	0	0	0	
hsa:50940	0	0	0	0	0	0	0	0	0	0	0	0	0	0	0	0	0	0	0	0	0	0	0	0	0	0	0	0	0	0	0	0	0	0	0	0	0	0	0	0.255860073467	0	0	0	0.250275279268	0	0	0	0	0	0	
hsa:5095	0	0	0	0	0	0	0	0	0	0	0	0	0	0	0	0	0	0	0	0	0	0	0	0	0	0	0	0	0	0	0	0	0	0	0	0	0	0	0	0	0	0	0	0	0	0	0	0	0	0	
hsa:5096	0	0	0	0	0	0	0	0	0	0	0	0	0	0	0	0	0	0	0	0	0	0	0	0	0	0	0	0	0	0	0	0	0	0	0	0	0	0	0	0	0	0	0	0	0	0	0	0	0	0	
hsa:51	0	0	0	0	0	0	0	0	0	0	0	0	0	0	0	0	0	0	0	0	0	0	0	0	0	0	0	0	0	0	0	0	0	0	0	0	0	0	0	0	0	0	0	0	0	0	0	0	0	0	
hsa:51004	0	0	0	0	0	0	0	0	0	0	0	0	0	0	0	0	0	0	0	0	0	0	0	0	0	0	0	0	0	0	0	0	0	0	0	0	0	0	0	0	0	0	0	0	0	0	0	0	0	0	
hsa:51095	0	0	0	0	0	0	0	0	0	0	0	0	0	0	0	0	0	0	0	0	0	0	0	0	0	0	0	0	0	0	0	0	0	0	0	0	0	0	0	0	0	0	0	0	0	0	0	0	0	0	
hsa:51166	0	0	0	0	0	0	0	0	0	0	0	0	0	0	0	0	0	0	0	0	0	0	0	0	0	0	0	0	0	0	0	0	0	0	0	0	0	0	0	0	0	0	0	0	0	0	0	0	0	0	
hsa:51172	0	0	0	0	0	0	0	0	0	0	0	0	0	0	0	0	0	0	0	0	0	0	0	0	0	0	0	0	0	0	0	0	0	0	0	0	0	0	0	0	0	0	0	0	0	0	0	0	0	0	
hsa:51181	0	0	0	0	0	0	0	0	0	0	0	0	0	0	0	0	0	0	0	0	0	0	0	0	0	0	0	0	0	0	0	0	0	0	0	0	0	0	0	0	0	0	0	0	0	0	0	0	0	0	
hsa:51205	0	0	0	0	0	0	0	0	0	0	0	0	0	0	0	0	0	0	0	0	0	0	0	0	0	0	0	0	0	0	0	0	0	0	0	0	0	0	0	0	0	0	0	0	0	0	0	0	0	0	
hsa:51207	0	0	0	0	0	0	0	0	0	0	0	0	0	0	0	0	0	0	0	0	0	0	0	0	0	0	0	0	0	0	0	0	0	0	0	0	0	0	0	0	0	0.185612724075	0	0	0	0	0	0	0	0	
hsa:5122	0	0	0	0	0	0	0	0	0	0	0	0	0	0	0	0	0	0	0	0	0	0	0	0	0	0	0	0	0	0	0	0	0	0	0	0	0	0	0	0	0	0	0	0	0	0	0	0	0	0	
hsa:51251	0	0	0	0	0	0	0	0	0	0	0	0	0	0	0	0	0	0	0	0	0	0	0	0	0	0	0	0	0	0	0	0	0	0	0	0	0	0	0	0	0	0	0	0	0	0	0	0	0	0	
hsa:5126	0	0	0	0	0	0	0	0	0	0	0	0	0	0	0	0	0	0	0	0	0	0	0	0	0	0	0	0	0	0	0	0	0	0	0	0	0	0	0	0	0	0	0	0	0	0	0	0	0	0	
hsa:51292	0	0	0	0	0	0	0	0	0	0	0	0	0	0	0	0	0	0	0	0	0	0	0	0	0	0	0	0	0	0	0	0	0	0	0	0	0	0	0	0	0	0	0	0	0	0	0	0	0	0	
hsa:513	0	0	0	0	0	0	0	0	0	0	0	0	0	0	0	0	0	0	0	0	0	0	0	0	0	0	0	0	0	0	0	0	0	0	0	0	0	0	0	0	0	0	0	0	0	0	0	0	0	0	
hsa:51302	0	0	0	0	0	0	0	0	0	0	0	0	0	0	0	0	0	0	0	0	0	0	0	0	0	0	0	0	0	0	0	0	0	0	0	0	0	0	0	0	0	0	0	0	0	0.274214270729	0	0	0	0	
hsa:5136	0	0	0	0	0	0	0	0	0	0	0	0	0	0	0	0	0	0	0	0	0	0	0	0	0	0	0	0	0	0	0	0	0	0	0	0	0	0	0	0.241812579564	0	0	0	0.210621929453	0	0	0	0	0	0	
hsa:51365	0	0	0	0	0	0	0	0	0	0	0	0	0	0	0	0	0	0	0	0	0	0	0	0	0	0	0	0	0	0	0	0	0	0	0	0	0	0	0	0	0	0	0	0	0	0	0	0	0	0	
hsa:5137	0	0	0	0	0	0	0	0	0	0	0	0	0	0	0	0	0	0	0	0	0	0	0	0	0	0	0	0	0	0	0	0	0	0	0	0	0	0	0	0.241812579564	0	0	0	0.202760552745	0	0	0	0	0	0	
hsa:5138	0	0	0	0	0	0	0	0	0	0	0	0	0	0	0	0	0	0	0	0	0	0	0	0	0	0	0	0	0	0	0	0	0	0	0	0	0	0	0	0.255860073467	0	0	0	0.205996507377	0	0	0	0	0	0	
hsa:5140	0	0	0	0	0	0	0	0	0	0	0	0	0	0	0	0	0	0	0	0	0	0	0	0	0	0	0	0	0	0	0	0	0	0	0	0	0	0	0	0.224536025134	0	0	0	0.174622389353	0	0	0	0	0	0	
hsa:5141	0	0	0	0	0	0	0	0	0	0	0	0	0	0	0	0	0	0	0	0	0	0	0	0	0	0	0	0	0	0	0	0	0	0	0	0	0	0	0	0.250556147232	0	0	0	0.22673381615	0	0	0	0	0	0	
hsa:5142	0	0	0	0	0	0	0	0	0	0	0	0	0	0	0	0	0	0	0	0	0	0	0	0	0	0	0	0	0	0	0	0	0	0	0	0	0	0	0	0.250556147232	0	0	0	0.22673381615	0	0	0	0	0	0	
hsa:5143	0	0	0	0	0	0	0	0	0	0	0	0	0	0	0	0	0	0	0	0	0	0	0	0	0	0	0	0	0	0	0	0	0	0	0	0	0	0	0	0.250556147232	0	0	0	0.22673381615	0	0.251991983402	0	0	0	0	
hsa:5144	0	0	0	0	0	0	0	0	0	0	0	0	0	0	0	0	0	0	0	0	0	0	0	0	0	0	0	0	0	0	0	0	0	0	0	0	0	0	0	0.250556147232	0	0	0	0.198566930957	0	0	0	0	0	0	
hsa:5145	0	0	0	0	0	0	0	0	0	0	0	0	0	0	0	0	0	0	0	0	0	0	0	0	0.190170881274	0	0	0	0	0	0	0	0	0	0	0	0	0	0	0.24390449633	0	0	0	0.265158154628	0	0	0	0	0	0	
hsa:5146	0	0	0	0	0	0	0	0	0	0	0	0	0	0	0	0	0	0	0	0	0	0	0	0	0	0	0	0	0	0	0	0	0	0	0	0	0	0	0	0.24390449633	0	0	0	0.265158154628	0	0	0	0	0	0	
hsa:5147	0	0	0	0	0	0	0	0	0	0	0	0	0	0	0	0	0	0	0	0	0	0	0	0	0	0	0	0	0	0	0	0	0	0	0	0	0	0	0	0	0	0	0	0	0	0	0	0	0	0	
hsa:5148	0	0	0	0	0	0	0	0	0	0	0	0	0	0	0	0	0	0	0	0	0	0	0	0	0	0	0	0	0	0	0	0	0	0	0	0	0	0	0	0	0	0	0	0	0	0	0	0	0	0	
hsa:5149	0	0	0	0	0	0	0	0	0	0	0	0	0	0	0	0	0	0	0	0	0	0	0	0	0	0	0	0	0	0	0	0	0	0	0	0	0	0	0	0	0	0	0	0	0	0	0	0	0	0	
hsa:5150	0	0	0	0	0	0	0	0	0	0	0	0	0	0	0	0	0	0	0	0	0	0	0	0	0	0	0	0	0	0	0	0	0	0	0	0	0	0	0	0.263577053001	0	0	0	0.202760552745	0	0	0	0	0	0	
hsa:5151	0	0	0	0	0	0	0	0	0	0	0	0	0	0	0	0	0	0	0	0	0	0	0	0	0	0	0	0	0	0	0	0	0	0	0	0	0	0	0	0.23649160227	0	0	0	0.2138389396	0	0	0	0	0	0	
hsa:5152	0	0	0	0	0	0	0	0	0	0	0	0	0	0	0	0	0	0	0	0	0	0	0	0	0	0	0	0	0	0	0	0	0	0	0	0	0	0	0	0.218886898037	0	0	0	0	0	0	0	0	0	0	
hsa:5156	0.218539994109	0.113927723642	0.271815901746	0.194682376333	0	0.293514460314	0.303771680665	0	0	0	0	0.283234021172	0	0	0.301947766522	0	0	0.271232378603	0.291412509746	0	0	0	0	0.27386762078	0	0	0	0.219397979716	0	0	0	0	0	0	0	0	0	0	0	0	0	0	0	0	0	0	0	0.25036036323	0	0	
hsa:5158	0	0	0	0	0	0	0	0	0	0	0	0	0	0	0	0	0	0	0	0	0	0	0	0	0.204616381658	0	0	0	0	0	0	0	0	0	0	0	0	0	0	0.24390449633	0	0	0	0.265158154628	0	0	0	0	0	0	
hsa:5159	0.201272354558	0.113927723642	0.259993384743	0.194682376333	0	0.270545423366	0.272757694008	0	0	0	0	0	0	0	0.315161038916	0	0	0.262149960515	0.298708872252	0	0	0	0	0.26765263331	0	0	0	0	0	0	0	0	0	0	0	0	0	0	0	0	0	0	0	0	0	0	0	0.278167214712	0	0	
hsa:51601	0	0	0	0	0	0	0	0	0	0	0	0	0	0	0	0	0	0	0	0	0	0	0	0	0	0	0	0	0	0	0	0	0	0	0	0	0	0	0	0	0	0	0	0	0	0	0	0	0	0	
hsa:51645	0	0	0	0	0	0	0	0	0	0	0	0	0	0	0	0	0	0	0	0	0	0	0	0	0	0	0	0	0	0	0	0	0	0	0	0	0	0	0	0	0	0	0	0	0	0	0	0	0	0	
hsa:5167	0	0	0	0	0	0	0	0	0	0	0	0	0	0	0	0	0	0	0	0	0	0	0	0	0	0	0	0	0	0	0	0	0	0	0	0	0	0	0	0	0	0	0	0	0	0	0	0	0	0	
hsa:5168	0	0	0	0	0	0	0	0	0	0	0	0	0	0	0	0.220028512512	0	0	0	0	0	0	0	0	0	0	0	0	0	0	0	0	0	0	0	0	0	0	0	0	0	0	0	0	0	0	0	0	0	0	
hsa:5169	0	0	0	0	0	0	0	0	0	0	0	0	0	0	0	0	0	0	0	0	0	0	0	0	0	0	0	0	0	0	0	0	0	0	0	0	0	0	0	0	0	0	0	0	0	0	0	0	0	0	
hsa:51727	0	0	0	0	0	0	0	0	0	0	0	0	0	0	0	0	0	0	0	0	0	0	0	0	0	0	0	0	0	0	0	0	0	0	0	0	0	0	0	0	0	0	0	0	0	0	0	0	0	0	
hsa:52	0	0	0	0	0	0	0	0	0	0	0	0	0	0	0	0	0	0	0	0	0	0	0	0	0	0	0	0	0	0	0	0	0	0	0	0	0	0	0	0	0	0	0	0	0	0	0	0	0	0	
hsa:5294	0	0	0	0	0	0	0	0	0	0	0	0	0	0	0	0	0	0	0	0	0	0	0	0	0	0	0	0	0	0	0	0	0	0	0	0	0	0	0	0	0	0	0	0	0	0	0	0	0	0	
hsa:53	0	0	0	0	0	0	0	0	0	0	0	0	0	0	0	0	0	0	0	0	0	0	0	0	0	0	0	0	0	0	0	0	0	0	0	0	0	0	0	0	0	0	0	0	0	0	0	0	0	0	
hsa:5319	0	0	0	0	0	0	0	0	0	0	0	0	0	0	0	0	0	0	0	0	0	0	0	0	0	0	0	0	0	0	0	0	0	0	0	0	0	0	0	0	0	0	0	0	0	0	0	0	0	0	
hsa:5320	0	0	0	0	0	0	0	0	0	0	0	0	0	0	0	0	0	0	0	0	0	0	0	0	0	0	0	0	0	0	0	0.15895590093	0	0	0	0	0	0	0	0	0	0	0	0	0	0	0	0	0	0	
hsa:5321	0	0	0	0	0	0	0	0	0	0	0	0	0	0	0	0	0	0	0	0	0	0	0	0	0	0	0	0	0	0	0	0	0	0	0	0	0	0	0	0	0	0	0	0	0	0	0	0	0	0	
hsa:5322	0	0	0	0	0	0	0	0	0	0	0	0	0	0	0	0	0	0	0	0	0	0	0	0	0	0	0	0	0	0	0	0	0	0	0	0	0	0	0	0	0	0	0	0	0	0	0	0	0	0	
hsa:5327	0	0	0	0	0	0	0	0	0.215607650515	0	0	0	0	0.230876625561	0	0	0	0	0	0	0	0	0	0	0	0	0	0	0	0.323349554874	0	0	0	0	0	0	0	0	0	0	0	0	0	0	0.300922680391	0	0	0	0	0	
hsa:5328	0	0	0	0	0	0	0	0	0.215607650515	0	0	0	0	0.214942438926	0	0	0	0	0	0	0	0	0	0	0	0	0	0	0	0.323435290798	0	0.256655676133	0	0	0	0	0	0	0	0	0	0	0	0	0.313780419798	0	0	0	0	0	
hsa:5330	0	0	0	0	0	0	0	0	0	0	0	0	0	0	0	0	0	0	0	0	0	0	0	0	0	0	0	0	0	0	0	0	0	0	0	0	0	0	0	0	0	0	0	0	0	0	0	0	0	0	
hsa:5331	0	0	0	0	0	0	0	0	0	0	0	0	0	0	0	0	0	0	0	0	0	0	0	0	0	0	0	0	0	0	0	0	0	0	0	0	0	0	0	0	0	0	0	0	0	0	0	0	0	0	
hsa:5332	0	0	0	0	0	0	0	0	0	0	0	0	0	0	0	0	0	0	0	0	0	0	0	0	0	0	0	0	0	0	0	0	0	0	0	0	0	0	0	0	0	0	0	0	0	0	0	0	0	0	
hsa:5333	0	0	0	0	0	0	0	0	0	0	0	0	0	0	0	0	0	0	0	0	0	0	0	0	0	0	0	0	0	0.223622132295	0	0	0	0	0	0	0	0	0	0	0	0	0	0	0	0	0	0	0	0	
hsa:5335	0	0	0	0	0	0	0	0	0	0	0	0	0	0	0	0	0	0	0	0	0	0	0	0	0	0	0	0	0	0	0	0	0	0	0	0	0	0	0	0	0	0	0	0	0	0	0	0	0	0	
hsa:5336	0	0	0	0	0	0	0	0	0	0	0	0	0	0	0	0	0	0	0	0	0	0	0	0	0	0	0	0	0	0	0	0	0	0	0	0	0	0	0	0	0	0	0	0	0	0	0	0	0	0	
hsa:5337	0	0	0	0	0	0	0	0	0	0	0	0	0	0	0	0	0	0	0	0	0	0	0	0	0	0	0	0	0	0	0	0	0	0	0	0	0	0	0	0	0	0	0	0	0	0	0	0	0	0	
hsa:5338	0	0	0	0	0	0	0	0	0	0	0	0	0	0	0	0	0	0	0	0	0	0	0	0	0	0	0	0	0	0.296787203253	0	0	0	0	0	0	0	0	0	0	0	0	0	0	0	0	0	0	0	0	
hsa:5340	0	0	0	0	0	0	0	0	0.215607650515	0	0	0	0	0.200526103629	0	0	0	0	0	0	0	0	0	0	0	0	0	0	0	0.335290605673	0	0.259083468853	0	0	0	0	0	0	0	0	0	0	0	0	0.312015997682	0	0	0	0	0	
hsa:5351	0	0	0	0	0	0	0	0	0	0	0	0	0	0	0	0	0	0	0	0	0	0	0	0	0	0	0	0	0	0	0	0	0	0	0	0	0	0	0	0	0	0	0	0	0	0	0	0	0	0	
hsa:53938	0	0	0	0	0	0	0	0	0	0	0	0	0	0	0	0	0	0	0	0	0	0	0	0	0	0	0	0	0	0	0	0	0	0	0	0	0	0	0	0	0	0	0	0	0	0	0	0	0	0	
hsa:54	0	0	0	0	0	0	0	0	0	0	0	0	0	0	0	0	0	0	0	0	0	0	0	0	0	0	0	0	0	0	0	0	0	0	0	0	0	0	0	0	0	0	0	0	0	0	0	0	0	0	
hsa:5406	0	0	0	0	0	0	0	0	0	0	0	0	0	0	0	0	0	0	0	0	0	0	0	0	0	0	0	0	0	0	0	0	0	0	0	0	0	0	0	0	0	0	0	0	0	0	0	0	0	0	
hsa:5407	0	0	0	0	0	0	0	0	0	0	0	0	0	0	0	0	0	0	0	0	0	0	0	0	0	0	0	0	0	0	0	0	0	0	0	0	0	0	0	0	0	0	0	0	0	0	0	0	0	0	
hsa:5408	0	0	0	0	0	0	0	0	0	0	0	0	0	0	0	0	0	0	0	0	0	0	0	0	0	0	0	0	0	0	0	0	0	0	0	0	0	0	0	0	0	0	0	0	0	0	0	0	0	0	
hsa:5422	0	0	0	0	0	0	0	0	0	0	0	0	0	0	0	0	0	0	0	0	0	0	0	0	0	0	0	0	0	0	0	0	0	0	0	0	0	0	0	0	0	0	0	0	0	0	0	0	0	0	
hsa:5423	0	0	0	0	0	0	0	0	0	0	0	0	0	0	0	0	0	0	0	0	0	0	0	0	0	0	0	0	0	0	0	0	0	0	0	0	0	0	0	0	0	0	0	0	0	0	0	0	0	0	
hsa:5444	0	0	0	0	0	0	0	0	0	0	0	0	0	0	0	0	0	0	0	0	0	0	0	0	0	0	0	0	0	0	0	0	0	0	0	0	0	0	0	0	0	0	0	0	0	0	0	0	0	0	
hsa:5445	0	0	0	0	0	0	0	0	0	0	0	0	0	0	0	0	0	0	0	0	0	0	0	0	0	0	0	0	0	0	0	0	0	0	0	0	0	0	0	0	0	0	0	0	0	0	0	0	0	0	
hsa:5447	0	0	0	0	0	0	0	0	0	0	0	0	0.244770926113	0	0	0	0	0	0	0	0	0	0	0	0	0	0	0	0	0	0	0	0	0	0	0	0	0	0	0	0	0	0	0	0	0	0	0	0	0	
hsa:54490	0	0	0	0	0	0	0	0	0	0	0	0	0	0	0	0	0	0	0	0.0847660269741	0.120900871461	0.273511184979	0.0877548625043	0	0.211073204282	0.146105387906	0.211688577347	0	0	0	0	0	0	0.10382140711	0	0.152634700696	0.234974891885	0.0966967560404	0.240010639182	0	0.215541533144	0	0	0	0	0	0.158811827343	0	0	0	
hsa:54575	0	0	0	0	0	0	0	0	0	0	0	0	0	0	0	0.29664786152	0	0	0	0.0767040861869	0.102533818074	0.288205781673	0.0628068573138	0	0.205568120206	0.140023434089	0.202118790013	0	0	0	0	0	0	0.0769199637053	0	0.17091508507	0.199576005662	0.0966967560404	0.272188336351	0	0.206997097613	0	0	0	0	0	0.152707469853	0	0	0	
hsa:54576	0	0	0	0	0	0	0	0	0	0	0	0	0	0	0	0.29664786152	0	0	0	0.0767040861869	0.102533818074	0.288205781673	0.0628068573138	0	0.205568120206	0.140023434089	0.202118790013	0	0	0	0	0	0	0.0769199637053	0	0.17091508507	0.199576005662	0.0966967560404	0.272188336351	0	0.206997097613	0	0	0	0	0	0.152707469853	0	0	0	
hsa:54577	0	0	0	0	0	0	0	0	0	0	0	0	0	0	0	0.29664786152	0	0	0	0.0767040861869	0.102533818074	0.288205781673	0.0628068573138	0	0.205568120206	0.140023434089	0.202118790013	0	0	0	0	0	0	0.0769199637053	0	0.17091508507	0.199576005662	0.0966967560404	0.272188336351	0	0.206997097613	0	0	0	0	0	0.152707469853	0	0	0	
hsa:54578	0	0	0	0	0	0	0	0	0	0	0	0	0	0	0	0.29664786152	0	0	0	0.0767040861869	0.102533818074	0.288205781673	0.0628068573138	0	0.205568120206	0.140023434089	0.202118790013	0	0	0	0	0	0	0.0769199637053	0	0.17091508507	0.199576005662	0.0966967560404	0.275547772335	0	0.197391431343	0	0	0	0	0	0.152707469853	0	0	0	
hsa:54579	0	0	0	0	0	0	0	0	0	0	0	0	0	0	0	0.29664786152	0	0	0	0.0767040861869	0.102533818074	0.288205781673	0.0628068573138	0	0.205568120206	0.140023434089	0.202118790013	0	0	0	0	0	0	0.0769199637053	0	0.17091508507	0.199576005662	0.0966967560404	0.275547772335	0	0.222445599551	0	0	0	0	0	0.152707469853	0	0	0	
hsa:54600	0	0	0	0	0	0	0	0	0	0	0	0	0	0	0	0.29664786152	0	0	0	0.0767040861869	0.102533818074	0.288205781673	0.0628068573138	0	0.205568120206	0.140023434089	0.202118790013	0	0	0	0	0	0	0.0769199637053	0	0.17091508507	0.199576005662	0.0966967560404	0.272188336351	0	0.206997097613	0	0	0	0	0	0.152707469853	0	0	0	
hsa:54657	0	0	0	0	0	0	0	0	0	0	0	0	0	0	0	0.29664786152	0	0	0	0.0767040861869	0.102533818074	0.288205781673	0.0628068573138	0	0.205568120206	0.140023434089	0.202118790013	0	0	0	0	0	0	0.0769199637053	0	0.17091508507	0.199576005662	0.0966967560404	0.275547772335	0	0.222445599551	0	0	0	0	0	0.152707469853	0	0	0	
hsa:54658	0	0	0	0	0	0	0	0	0	0	0	0	0	0	0	0.29664786152	0	0	0	0.0767040861869	0.102533818074	0.288205781673	0.0628068573138	0	0.205568120206	0.140023434089	0.202118790013	0	0	0	0	0	0	0.0769199637053	0	0.17091508507	0.199576005662	0.0966967560404	0.268653249588	0	0.222445599551	0	0	0	0	0	0.152707469853	0	0	0	
hsa:54659	0	0	0	0	0	0	0	0	0	0	0	0	0	0	0	0.29664786152	0	0	0	0.0767040861869	0.102533818074	0.288205781673	0.0628068573138	0	0.205568120206	0.140023434089	0.202118790013	0	0	0	0	0	0	0.0769199637053	0	0.17091508507	0.199576005662	0.0966967560404	0.275547772335	0	0.227213895655	0	0	0	0	0	0.152707469853	0	0	0	
hsa:54677	0	0	0	0	0	0	0	0	0	0	0	0	0	0	0	0	0	0	0	0	0	0	0	0	0	0	0	0	0	0	0	0	0	0	0	0	0	0	0	0	0	0	0	0	0	0	0	0	0	0	
hsa:5470	0	0	0	0	0	0	0	0	0	0	0	0	0	0	0	0	0	0	0	0	0	0	0	0	0	0	0	0	0	0	0	0	0	0	0	0	0	0	0	0	0	0	0.211365339178	0	0	0	0	0	0.143994788311	0	
hsa:5475	0	0	0	0	0	0	0	0	0	0	0	0	0	0	0	0	0	0	0	0	0	0	0	0	0	0	0	0	0	0	0	0	0	0	0	0	0	0	0	0	0	0	0	0	0	0	0	0	0.161800266608	0	
hsa:5476	0	0	0	0	0	0	0	0	0	0	0	0	0	0	0	0	0	0	0	0	0	0	0	0	0	0	0	0	0	0	0	0	0	0	0	0	0	0	0	0	0	0	0	0	0	0	0	0	0	0	
hsa:5478	0	0	0	0	0	0	0	0	0	0	0	0	0	0	0	0	0	0	0	0	0	0	0	0	0	0	0	0	0	0	0	0	0	0	0	0	0	0	0	0	0	0	0	0	0	0	0	0	0	0	
hsa:5479	0	0	0	0	0	0	0	0	0	0	0	0	0	0	0	0	0	0	0	0	0	0	0	0	0	0	0	0	0	0	0	0	0	0	0	0	0	0	0	0	0	0	0	0	0	0	0	0	0	0	
hsa:5481	0	0	0	0	0	0	0	0	0	0	0	0	0	0	0	0	0	0	0	0	0	0	0	0	0	0	0	0	0	0	0	0	0	0	0	0	0	0	0	0	0	0	0	0	0	0	0	0	0	0	
hsa:54878	0	0	0	0	0	0	0	0	0	0	0	0	0	0	0	0	0	0	0	0	0	0	0	0	0	0	0	0	0	0	0	0	0	0	0	0	0	0	0	0	0	0	0	0	0	0	0	0	0	0	
hsa:5494	0	0	0	0	0	0	0	0	0	0	0	0	0	0	0	0	0	0	0	0	0	0	0	0	0	0	0	0	0	0	0	0	0	0	0	0	0	0	0	0	0	0	0	0	0	0	0	0	0	0	
hsa:5495	0	0	0	0	0	0	0	0	0	0	0	0	0	0	0	0	0	0	0	0	0	0	0	0	0	0	0	0	0	0	0	0	0	0	0	0	0	0	0	0	0	0	0	0	0	0	0	0	0	0	
hsa:5496	0	0	0	0	0	0	0	0	0	0	0	0	0	0	0	0	0	0	0	0	0	0	0	0	0	0	0	0	0	0	0	0	0	0	0	0	0	0	0	0	0	0	0	0	0	0	0	0	0	0	
hsa:5499	0	0	0	0	0	0	0	0	0	0	0	0	0	0	0	0	0	0	0	0	0	0	0	0	0	0	0	0	0	0	0	0	0	0	0	0	0	0	0	0	0	0	0	0	0	0	0	0	0.164301490946	0	
hsa:55	0	0	0	0	0	0	0	0	0	0	0	0	0	0	0	0	0	0	0	0	0	0	0	0	0	0	0	0	0	0	0	0	0	0	0	0	0	0	0	0	0	0	0	0	0	0	0	0	0	0	
hsa:5500	0	0	0	0	0	0	0	0	0	0	0	0	0	0	0	0	0	0	0	0	0	0	0	0	0	0	0	0	0	0	0	0	0	0	0	0	0	0	0	0	0	0	0	0	0	0	0	0	0.139746714202	0	
hsa:5501	0	0	0	0	0	0	0	0	0	0	0	0	0	0	0	0	0	0	0	0	0	0	0	0	0	0	0	0	0	0	0	0	0	0	0	0	0	0	0	0	0	0	0	0	0	0	0	0	0.164301490946	0	
hsa:5515	0	0	0	0	0	0	0	0	0	0	0	0	0	0	0	0	0	0	0	0	0	0	0	0	0	0	0	0	0	0	0	0	0	0	0	0	0	0	0	0	0	0	0	0	0	0	0	0	0.145553535334	0	
hsa:5516	0	0	0	0	0	0	0	0	0	0	0	0	0	0	0	0	0	0	0	0	0	0	0	0	0	0	0	0	0	0	0	0	0	0	0	0	0	0	0	0	0	0	0	0	0	0	0	0	0.145553535334	0	
hsa:5523	0	0	0	0	0	0	0	0	0	0	0	0	0	0	0	0	0	0	0	0	0	0	0	0	0	0	0	0	0	0	0	0	0	0	0	0	0	0	0	0	0	0	0	0	0	0	0	0	0	0	
hsa:5530	0	0	0	0	0	0	0	0	0	0	0	0	0	0	0	0	0	0	0	0	0	0	0	0	0	0	0	0	0	0	0	0	0	0	0	0	0	0	0	0	0	0	0	0	0	0	0	0	0.154385764767	0	
hsa:5531	0	0	0	0	0	0	0	0	0	0	0	0	0	0	0	0	0	0	0	0	0	0	0	0	0	0	0	0	0	0	0	0	0	0	0	0	0	0	0	0	0	0	0	0	0	0	0	0	0.158586755561	0	
hsa:55312	0	0	0	0	0	0	0	0	0	0	0	0	0	0	0	0	0	0	0	0	0	0	0	0	0	0	0	0	0	0	0	0	0	0	0	0	0	0	0	0	0	0	0	0	0	0	0	0	0	0	
hsa:5532	0	0	0	0	0	0	0	0	0	0	0	0	0	0	0	0	0	0	0	0	0	0	0	0	0	0	0	0	0	0	0	0	0	0	0	0	0	0	0	0	0	0	0	0	0	0	0	0	0.154385764767	0	
hsa:5533	0	0	0	0	0	0	0	0	0	0	0	0	0	0	0	0	0	0	0	0	0	0	0	0	0	0	0	0	0	0	0	0	0	0	0	0	0	0	0	0	0	0	0	0	0	0	0	0	0.154385764767	0	
hsa:55359	0	0	0.181380238768	0	0	0.214773049343	0	0	0	0.320542826685	0	0	0	0	0	0	0	0	0	0	0	0	0	0	0	0	0	0	0.174540864575	0	0	0	0	0	0	0	0	0	0	0	0	0	0	0	0	0	0	0	0	0	
hsa:5536	0	0	0	0	0	0	0	0	0	0	0	0	0	0	0	0	0	0	0	0	0	0	0	0	0	0	0	0	0	0	0	0	0	0	0	0	0	0	0	0	0	0	0	0	0	0	0	0	0.143947704996	0	
hsa:5537	0	0	0	0	0	0	0	0	0	0	0	0	0	0	0	0	0	0	0	0	0	0	0	0	0	0	0	0	0	0	0	0	0	0	0	0	0	0	0	0	0	0	0	0	0	0	0	0	0.158586755561	0	
hsa:5538	0	0	0	0	0	0	0	0	0	0	0	0	0	0	0	0	0	0	0	0	0	0	0	0	0	0	0	0	0	0	0	0	0	0	0	0	0	0	0	0	0	0	0	0	0	0	0	0	0	0	
hsa:5547	0	0	0	0	0	0	0	0	0	0	0	0	0	0	0	0	0	0	0	0	0	0	0	0	0	0	0	0	0	0	0	0	0	0	0	0	0	0	0	0	0	0	0	0	0	0	0	0	0	0	
hsa:5550	0	0	0	0	0	0	0	0	0	0	0	0	0	0	0	0	0	0	0	0	0	0	0	0	0	0	0	0	0	0	0	0	0	0	0	0	0	0	0	0	0	0	0	0	0	0	0	0	0	0	
hsa:55512	0	0	0	0	0	0	0	0	0	0	0	0	0	0	0	0	0	0	0	0	0	0	0	0	0	0	0	0	0	0	0	0	0	0	0	0	0	0	0	0	0	0	0	0	0	0	0	0	0	0	
hsa:5562	0	0	0	0	0.205961680255	0	0	0.251612344468	0	0.288514564199	0	0	0	0	0	0	0	0.147851812658	0	0	0	0	0	0.24414109177	0	0	0	0	0	0	0	0	0	0	0	0	0	0	0	0	0	0	0	0	0	0	0	0	0	0	
hsa:55775	0	0	0	0	0	0	0	0	0	0	0	0	0	0	0	0	0	0	0	0	0	0	0	0	0	0	0	0	0	0	0	0	0	0	0	0	0	0	0	0	0	0	0	0	0	0	0	0	0	0	
hsa:558	0.177318407587	0.11395302395	0.255550571183	0	0	0.207604281455	0.260516785058	0.320937574769	0	0	0	0.265718582301	0	0	0	0	0	0	0	0	0	0	0	0.24027210494	0	0	0	0.270414620233	0	0	0.258645995949	0	0	0	0	0	0	0	0	0	0	0	0	0	0	0	0.197611056511	0.268091127074	0	0	
hsa:55811	0	0	0	0	0	0	0	0	0	0	0	0	0	0	0	0	0	0	0	0	0	0	0	0	0	0	0	0	0	0	0	0	0	0	0	0	0	0	0	0	0	0	0	0	0	0	0	0	0	0	
hsa:55902	0	0	0	0	0	0	0	0	0	0	0	0	0	0	0	0	0	0	0	0	0	0	0	0	0	0	0	0	0	0	0	0	0	0	0	0	0	0	0	0	0	0	0	0	0	0	0	0	0	0	
hsa:5594	0	0	0	0.173833225851	0.233504495175	0	0	0	0	0.301079965623	0	0	0.253626953398	0	0	0	0	0	0	0	0	0	0	0.250410756211	0	0	0	0	0	0	0	0	0	0	0	0	0	0	0	0	0	0	0	0	0	0	0	0	0	0	
hsa:5595	0	0	0	0.173833225851	0.233504495175	0	0	0	0	0.301079965623	0	0	0.253626953398	0	0	0	0	0	0	0	0	0	0	0.250410756211	0	0	0	0	0	0	0	0	0	0	0	0	0	0	0	0	0	0	0	0	0	0	0	0	0	0	
hsa:5596	0	0	0	0.175452004518	0.216914454762	0	0	0	0	0	0	0	0.287936925696	0	0.328671166511	0	0	0	0	0	0	0	0	0	0	0	0	0	0	0.327938088507	0	0	0	0	0	0	0	0	0	0	0	0	0	0	0	0	0	0	0	0	
hsa:5597	0	0	0	0.175452004518	0.217443283025	0	0	0	0	0	0	0	0.287936925696	0	0.328671166511	0	0	0	0	0	0	0	0	0	0	0	0	0	0	0.327938088507	0	0	0	0	0	0	0	0	0	0	0	0	0	0	0	0	0	0	0	0	
hsa:5598	0	0	0	0	0.233504495175	0	0	0.295400730977	0	0	0	0	0.253626953398	0	0	0	0	0	0	0	0	0	0	0.255872024361	0	0	0	0	0	0.328893907124	0	0	0	0	0	0	0	0	0	0	0	0	0	0	0	0	0	0	0	0	
hsa:5599	0	0	0	0	0.23610436846	0	0	0.273481562848	0	0	0	0	0.242758139466	0	0.292140216141	0	0	0	0	0	0	0	0	0	0	0	0	0	0	0.324979571737	0	0	0	0	0	0	0	0	0	0	0	0	0	0	0	0	0	0	0	0	
hsa:5600	0	0	0	0	0.228474498927	0	0	0	0	0.306028032596	0	0	0.253626953398	0	0	0	0	0	0	0	0	0	0	0.279774261517	0	0	0	0	0	0	0	0	0	0	0	0	0	0	0	0	0	0	0	0	0	0	0	0	0	0	
hsa:5601	0	0	0	0	0.23610436846	0	0	0.273481562848	0	0	0	0.270252202845	0.242758139466	0	0	0	0	0	0	0	0	0	0	0	0	0	0	0	0	0.324979571737	0	0	0	0	0	0	0	0	0	0	0	0	0	0	0	0	0	0	0	0	
hsa:5602	0	0	0	0	0.23610436846	0	0	0.273481562848	0	0	0	0.270252202845	0.242758139466	0	0	0	0	0	0	0	0	0	0	0	0	0	0	0	0	0.329607402119	0	0	0	0	0	0	0	0	0	0	0	0	0	0	0	0	0	0	0	0	
hsa:5603	0	0	0	0	0.204314729353	0	0	0.273481562848	0	0.306028032596	0	0	0.260636950492	0	0	0	0	0	0	0	0	0	0	0.24876027486	0	0	0	0	0	0	0	0	0	0	0	0	0	0	0	0	0	0	0	0	0	0	0	0	0	0	
hsa:5604	0	0	0	0	0.234049138874	0	0	0	0	0.24273216684	0	0	0.266017803111	0	0.256431440511	0	0	0	0	0	0	0	0	0	0	0	0	0	0	0	0	0	0	0	0	0	0	0	0	0	0	0	0	0	0	0	0	0	0	0	
hsa:5605	0	0	0	0	0.234049138874	0	0	0	0	0.24273216684	0	0	0.251414356092	0	0.256431440511	0	0	0	0	0	0	0	0	0	0	0	0	0	0	0	0	0	0	0	0	0	0	0	0	0	0	0	0	0	0	0	0	0	0	0	
hsa:5606	0	0	0	0	0.230487700772	0	0	0	0	0.294075748024	0	0	0	0	0	0	0	0	0	0	0	0	0	0.282822156291	0	0	0	0	0	0	0	0	0	0	0	0	0	0	0	0	0	0	0	0	0	0	0	0	0	0	
hsa:5607	0	0	0	0	0.195336851254	0	0	0	0	0.226126471496	0	0	0.211842052534	0	0.287085198524	0	0	0	0	0	0	0	0	0	0	0	0	0.279051249192	0	0	0	0	0	0	0	0	0	0	0	0	0	0	0	0	0	0	0	0	0	0	
hsa:5608	0	0	0	0	0.230487700772	0	0	0	0	0.298674836966	0	0	0	0	0	0	0	0	0	0	0	0	0	0.282822156291	0	0	0	0	0	0	0	0	0	0	0	0	0	0	0	0	0	0	0	0	0	0	0	0	0	0	
hsa:5624	0	0	0	0	0	0	0	0	0.149447559714	0	0	0	0	0.216250997385	0	0	0	0	0	0	0	0	0	0	0	0	0	0	0	0	0	0.283109091295	0	0	0	0	0	0	0	0	0	0	0	0	0.319740547982	0	0	0	0	0	
hsa:5625	0	0	0	0	0	0	0	0	0	0	0	0	0	0	0	0	0	0	0	0	0	0	0	0	0	0	0	0	0	0	0	0	0	0	0	0	0	0	0	0	0	0	0	0	0	0	0	0	0	0	
hsa:5645	0	0	0	0	0	0	0	0	0.190157414678	0	0	0	0	0.272647107174	0	0	0	0	0	0	0	0	0	0	0	0	0	0	0	0.323435290798	0	0.298795005516	0	0	0	0	0	0	0	0	0	0	0	0	0.296560897955	0	0	0	0	0	
hsa:5646	0	0	0	0	0	0	0	0	0.199063169568	0	0	0	0	0.260871289863	0	0	0	0	0	0	0	0	0	0	0	0	0	0	0	0.322106356017	0	0.299436898536	0	0	0	0	0	0	0	0	0	0	0	0	0.296560897955	0	0	0	0	0	
hsa:5650	0	0	0	0	0	0	0	0	0.197690534633	0	0	0	0	0.20974142875	0	0	0	0	0	0	0	0	0	0	0	0	0	0	0	0	0	0.286721358134	0	0	0	0	0	0	0	0	0	0	0	0	0.225947585475	0	0	0	0	0	
hsa:5651	0	0	0	0	0	0	0	0	0.204872353761	0	0	0	0	0.239778940565	0	0	0	0	0	0	0	0	0	0	0	0	0	0	0	0	0	0.234749793553	0	0	0	0	0	0	0	0	0	0	0	0	0.296090071946	0	0	0	0	0	
hsa:5657	0	0	0	0	0	0	0	0	0.158143658583	0	0	0	0	0.233876687623	0	0	0	0	0	0	0	0	0	0	0	0	0	0	0	0	0	0.258378115702	0	0	0	0	0	0	0	0	0	0	0	0	0.286333959875	0	0	0	0	0	
hsa:56922	0	0	0	0	0	0	0	0	0	0	0	0	0	0	0	0	0	0	0	0	0	0	0	0	0	0	0	0	0	0	0	0	0	0	0	0	0	0	0	0	0	0	0	0	0	0	0	0	0	0	
hsa:57016	0	0	0	0	0	0	0	0	0	0	0	0	0	0	0	0	0	0	0	0	0	0	0	0	0	0	0	0	0	0	0	0	0	0	0	0	0	0	0	0	0	0	0	0	0	0	0	0	0	0	
hsa:57176	0	0	0	0	0	0	0	0	0	0	0	0	0	0	0	0	0.292033444847	0	0	0	0	0	0	0	0	0	0	0	0	0	0	0	0	0	0	0	0	0	0	0	0	0	0	0	0	0	0	0	0	0	
hsa:5740	0	0	0	0	0	0	0	0	0	0	0	0	0	0	0	0	0	0	0	0	0	0	0	0	0	0	0	0	0	0	0	0	0	0	0	0	0	0	0	0	0	0	0	0	0	0.287269785815	0	0	0	0	
hsa:5742	0	0	0	0	0	0	0	0	0	0	0	0	0	0	0	0	0	0	0	0	0	0	0	0	0	0	0	0	0	0	0	0	0	0	0	0	0	0	0	0	0	0	0	0	0	0	0	0	0	0	
hsa:5743	0	0	0	0	0	0	0	0	0	0	0	0	0	0	0	0	0	0	0	0	0	0	0	0	0	0	0	0	0	0	0	0	0	0	0	0	0	0	0	0	0	0	0	0	0	0	0	0	0	0	
hsa:5747	0	0	0.273159490791	0	0.196710304625	0.241245355968	0	0.26153060964	0	0.308457577372	0.202355958161	0.29620741267	0	0	0	0	0.251578941884	0	0	0	0	0	0	0	0	0	0	0.250593087019	0	0	0.195690319326	0	0	0	0	0	0	0	0	0	0	0	0	0	0	0	0	0	0	0	
hsa:5754	0.222407524133	0	0.285212590174	0	0	0.21338221883	0.230983883607	0	0	0	0.244238718028	0.265456073193	0	0	0	0	0.255868568192	0	0	0	0	0	0	0	0	0	0	0.303033497364	0.206654437305	0	0	0	0	0	0	0	0	0	0	0	0	0	0	0	0	0	0	0.271011479659	0	0	
hsa:57665	0	0	0	0	0	0	0	0	0	0	0	0	0	0	0	0	0	0	0	0	0	0	0	0	0	0	0	0	0	0	0	0	0	0	0	0	0	0	0	0	0	0	0	0	0	0	0	0	0	0	
hsa:58190	0	0	0	0	0	0	0	0	0	0	0	0	0	0	0	0	0	0	0	0	0	0	0	0	0	0	0	0	0	0	0	0	0	0	0	0	0	0	0	0	0	0	0	0	0	0	0	0	0	0	
hsa:5831	0	0	0	0	0	0	0	0	0	0	0	0	0	0	0	0	0	0	0	0	0	0	0	0	0	0	0	0	0	0	0	0	0	0	0	0	0	0	0	0	0	0.2428258131	0	0	0	0	0	0	0	0	
hsa:5834	0	0	0	0	0	0	0	0	0	0	0	0	0	0	0	0	0	0	0	0	0	0	0	0	0	0	0	0	0	0	0	0	0	0	0	0	0	0	0	0	0	0	0	0	0	0	0	0	0	0	
hsa:5836	0	0	0	0	0	0	0	0	0	0	0	0	0	0	0	0	0	0	0	0	0	0	0	0	0	0	0	0	0	0	0	0	0	0	0	0	0	0	0	0	0	0	0	0	0	0	0	0	0	0	
hsa:5837	0	0	0	0	0	0	0	0	0	0	0	0	0	0	0	0	0	0	0	0	0	0	0	0	0	0	0	0	0	0	0	0	0	0	0	0	0	0	0	0	0	0	0	0	0	0	0	0	0	0	
hsa:586	0	0	0	0	0	0	0	0	0	0	0	0	0	0	0	0	0	0	0	0	0	0	0	0	0	0	0	0	0	0	0	0	0	0	0	0	0	0	0	0	0	0	0	0	0	0	0	0	0	0	
hsa:5860	0	0	0	0	0	0	0	0	0	0	0	0	0	0	0	0	0	0	0	0	0	0	0	0	0	0	0	0	0	0	0	0	0	0	0	0	0	0	0	0	0	0	0	0	0	0	0	0	0	0	
hsa:587	0	0	0	0	0	0	0	0	0	0	0	0	0	0	0	0	0	0	0	0	0	0	0	0	0	0	0	0	0	0	0	0	0	0	0	0	0	0	0	0	0	0	0	0	0	0	0	0	0	0	
hsa:590	0	0	0	0	0	0	0	0	0	0	0	0	0	0	0	0	0	0	0	0	0	0	0	0	0	0	0	0	0	0	0	0	0	0	0	0	0	0	0	0	0	0	0	0	0	0	0	0	0	0	
hsa:5972	0	0	0	0	0	0	0	0	0	0	0	0	0	0	0	0	0	0	0	0	0	0	0	0	0	0	0	0	0	0	0	0	0	0	0	0	0	0	0	0	0	0	0	0	0	0	0	0	0	0	
hsa:5979	0.192613166413	0.113887473588	0.289089827554	0.166234897318	0	0.249566729079	0.223849810407	0	0	0	0	0	0	0	0	0	0.291774881792	0.271486796248	0	0	0	0	0	0.265332191343	0	0	0	0.214048397847	0	0	0	0	0	0	0	0	0	0	0	0	0	0	0	0	0	0	0	0	0	0	
hsa:6098	0.171353270792	0.11395302395	0.289156412124	0.196301155	0	0.265126616689	0	0	0	0	0.228867930676	0.267572962951	0	0	0.321388265303	0	0.2778181733	0.247772822004	0.255974102994	0	0	0	0	0	0	0	0	0.231520509211	0	0	0.231765750486	0	0	0	0	0	0	0	0	0	0	0	0	0	0	0	0	0	0	0	
hsa:613	0	0	0	0	0	0	0	0	0	0	0	0	0	0	0	0	0	0	0	0	0	0	0	0	0	0	0	0	0	0	0	0	0	0	0	0	0	0	0	0	0	0	0	0	0	0	0	0	0	0	
hsa:6240	0	0	0	0	0	0	0	0	0	0	0	0	0	0	0	0	0	0	0	0	0	0	0	0	0	0	0	0	0	0	0	0	0	0	0	0	0	0	0	0	0	0	0	0	0	0	0	0	0	0	
hsa:6241	0	0	0	0	0	0	0	0	0	0	0	0	0	0	0	0	0	0	0	0	0	0	0	0	0	0	0	0	0	0	0	0	0	0	0	0	0	0	0	0	0	0	0	0	0	0	0	0	0	0	
hsa:6259	0.183691609898	0	0	0	0	0	0.219993972904	0	0	0	0	0	0	0	0	0	0.200817433785	0	0	0	0	0	0	0	0	0	0	0.281515128915	0.217072877105	0	0	0	0.198159190589	0	0	0	0	0	0	0	0	0	0.323333285165	0	0	0	0	0	0	0	
hsa:6300	0	0	0	0	0.204314729353	0	0	0.273481562848	0	0.306028032596	0	0	0.260636950492	0	0	0	0	0	0	0	0	0	0	0.261825924614	0	0	0	0	0	0	0	0	0	0	0	0	0	0	0	0	0	0	0	0	0	0	0	0	0	0	
hsa:63036	0	0	0	0	0	0	0	0	0.186955237878	0	0	0	0	0.186898808186	0	0	0	0	0	0	0	0	0	0	0	0	0	0	0	0	0	0.275743420017	0	0	0	0	0	0	0	0	0	0	0	0	0.316898905153	0	0	0	0	0	
hsa:635	0	0	0	0	0	0	0	0	0	0	0	0	0	0	0	0	0	0	0	0	0	0	0	0	0	0	0	0	0	0	0	0	0	0	0	0	0	0	0	0	0	0	0	0	0	0	0	0	0	0	
hsa:63904	0	0	0	0	0	0	0	0	0	0	0	0	0	0	0	0	0	0	0	0	0	0	0	0	0	0	0	0	0	0	0	0	0	0	0	0	0	0	0	0	0	0.191320096189	0	0	0	0	0	0	0	0	
hsa:64087	0	0	0	0	0	0	0	0	0	0	0	0	0	0	0	0	0	0	0	0	0	0	0	0	0	0	0	0	0	0	0	0	0	0	0	0	0	0	0	0	0	0	0	0	0	0	0	0	0	0	
hsa:6416	0	0	0	0	0.229980707443	0	0	0	0	0.307258980561	0	0	0	0	0	0	0	0	0	0	0	0	0	0.287247629952	0	0	0	0	0	0	0	0	0	0	0	0	0	0	0	0	0	0	0	0	0	0	0	0	0	0	
hsa:64499	0	0	0	0	0	0	0	0	0.215607650515	0	0	0	0	0.237509868932	0	0	0	0	0	0	0	0	0	0	0	0	0	0	0	0.34981857683	0	0.276784720032	0	0	0	0	0	0	0	0	0	0	0	0	0.283432692811	0	0	0	0	0	
hsa:645	0	0	0	0	0	0	0	0	0	0	0	0	0	0	0	0	0	0	0	0	0	0	0	0	0	0	0	0	0	0	0	0	0	0	0	0	0	0	0	0	0	0	0	0	0	0	0	0	0	0	
hsa:64600	0	0	0	0	0	0	0	0	0	0	0	0	0	0	0	0	0	0	0	0	0	0	0	0	0	0	0	0	0	0	0	0	0	0	0	0	0	0	0	0	0	0	0	0	0	0	0	0	0	0	
hsa:64802	0	0	0	0	0	0	0	0	0	0	0	0	0	0	0	0	0	0	0	0	0	0	0	0	0	0	0	0	0	0	0	0	0	0	0	0	0	0	0	0	0	0	0	0	0	0	0	0	0	0	
hsa:64816	0	0	0	0	0	0	0	0	0	0	0	0	0	0	0	0.289796673147	0	0	0	0	0	0	0	0	0	0	0	0	0	0	0	0	0	0	0	0	0	0	0	0	0	0	0	0	0	0.286756550085	0	0	0	0.323767233255	
hsa:64850	0	0	0	0	0	0	0	0	0	0	0	0	0	0	0	0	0	0	0	0	0	0	0	0	0	0	0	0	0	0	0	0	0	0	0	0	0	0	0	0	0	0	0	0	0	0	0	0	0	0	
hsa:64902	0	0	0	0	0	0	0	0	0	0	0	0	0	0	0	0	0	0	0	0	0	0	0	0	0	0	0	0	0	0	0	0	0	0	0	0	0	0	0	0	0	0	0	0	0	0	0	0	0	0	
hsa:657	0	0	0	0	0.223407251832	0	0	0	0	0.317802617096	0	0	0.267371184245	0	0.383139435542	0	0	0	0	0	0	0	0	0.183021029066	0.197916606765	0	0	0	0	0	0	0	0.260953301024	0	0	0	0	0	0	0	0	0	0	0	0	0	0	0	0	0	
hsa:658	0	0	0	0	0.223407251832	0	0	0	0	0.303492267933	0.239204267265	0	0	0	0.383139435542	0	0	0	0	0	0	0	0	0	0.197916606765	0	0	0	0	0	0	0	0.265831721647	0	0	0	0	0	0	0	0	0	0	0	0	0	0	0	0	0	
hsa:660	0.231066712279	0.11395302395	0.15144517845	0	0	0.237735372901	0	0.291512089602	0	0	0	0	0	0	0.337262271878	0	0	0.303669011946	0.303019082821	0	0	0	0	0.244078148265	0	0	0	0.281094771727	0	0	0.227976740281	0	0	0	0	0	0	0	0	0	0	0	0	0	0	0	0	0	0	0	
hsa:6609	0	0	0	0	0	0	0	0	0	0	0	0	0	0	0	0	0	0	0	0	0	0	0	0	0	0	0	0	0	0	0	0	0	0	0	0	0	0	0	0	0	0	0	0	0	0	0	0	0	0	
hsa:6610	0	0	0	0	0	0	0	0	0	0	0	0	0	0	0	0	0	0	0	0	0	0	0	0	0	0	0	0	0	0	0	0	0	0	0	0	0	0	0	0	0	0	0	0	0	0	0	0	0	0	
hsa:6646	0	0	0	0	0	0	0	0	0	0	0	0	0	0	0	0	0	0	0	0	0	0	0	0	0	0	0	0	0	0	0	0	0	0	0	0	0	0	0	0	0	0	0	0	0	0	0	0	0	0	
hsa:6652	0	0	0	0	0	0	0	0	0	0	0	0	0	0	0	0	0	0	0	0	0	0	0	0	0	0	0	0	0	0	0	0	0	0	0	0	0	0	0	0	0	0	0	0	0	0	0	0	0	0	
hsa:670	0	0	0	0	0	0	0	0	0	0	0	0	0	0	0	0	0	0	0	0	0	0	0	0	0	0	0	0	0	0	0	0	0	0	0	0	0	0	0	0	0	0	0	0	0	0	0	0	0	0	
hsa:6713	0	0	0	0	0	0	0	0	0	0	0	0	0	0	0	0	0	0	0	0	0	0	0	0	0	0	0	0	0	0	0	0	0	0	0	0	0	0	0	0	0	0	0	0	0	0	0	0	0	0	
hsa:6714	0	0	0.246454085617	0.195397874125	0.245101980136	0	0.269192969813	0	0	0.312986951935	0.20401461078	0	0	0	0.337243499241	0	0.280271531239	0.287999737939	0	0	0	0	0	0	0	0	0	0.291654939957	0	0	0.285482123523	0	0.256082856982	0	0	0	0	0	0	0	0	0	0	0	0	0	0	0	0	0	
hsa:6716	0	0	0	0	0	0	0	0	0	0	0	0	0	0	0	0	0	0	0	0	0	0	0	0	0	0	0	0	0	0	0	0	0	0	0	0	0	0	0	0	0	0	0	0	0	0	0	0	0	0	
hsa:6725	0	0.113927723642	0.245110496572	0.195397874125	0	0.255485372801	0.253679710787	0	0	0.303554119894	0.209433622669	0	0	0	0.319972980958	0	0.259065527369	0.218613454159	0.261530341718	0	0	0	0	0	0	0	0	0.283740215147	0	0	0	0	0	0	0	0	0	0	0	0	0	0	0	0	0	0	0	0	0	0	
hsa:6768	0	0	0	0	0	0	0	0	0.198853513548	0	0	0	0	0.263297299509	0	0	0	0	0	0	0	0	0	0	0	0	0	0	0	0.322106356017	0	0.238988934853	0	0	0	0	0	0	0	0	0	0	0	0	0	0	0	0	0	0	
hsa:6799	0	0	0	0	0	0	0	0	0	0	0	0	0	0	0	0	0	0	0	0	0	0	0	0	0	0	0	0	0	0	0	0	0	0	0	0	0	0	0	0	0	0	0	0	0	0	0	0	0	0	
hsa:683	0	0	0	0	0	0	0	0	0	0	0	0	0	0	0	0	0	0	0	0	0	0	0	0	0	0	0	0	0	0	0	0	0	0	0	0	0	0	0	0	0	0	0	0	0	0	0	0	0	0	
hsa:686	0	0	0	0	0	0	0	0	0	0	0	0	0	0	0	0	0	0	0	0	0	0	0	0	0	0	0	0	0	0	0	0	0	0	0	0	0	0	0	0	0	0	0	0	0	0	0	0	0	0	
hsa:6897	0	0	0	0	0	0	0	0	0	0	0	0	0	0	0	0	0	0	0	0	0	0	0	0	0	0	0	0	0	0	0	0	0	0	0	0	0	0	0	0	0	0	0	0	0	0	0	0	0	0	
hsa:6898	0	0	0	0	0	0	0	0	0	0	0	0	0	0	0	0	0	0	0	0	0	0	0	0	0	0	0	0	0	0	0	0	0	0	0	0	0	0	0	0	0	0	0	0	0	0	0	0	0	0	
hsa:695	0	0	0	0.189631761236	0.164554414575	0.224624773438	0	0	0	0.358868140354	0	0	0	0	0.32598311877	0	0	0.310652878871	0.242279790411	0	0	0	0	0.223900749009	0	0	0	0	0	0	0.284338613948	0	0	0	0	0	0	0	0	0	0	0	0.309650238354	0	0	0	0	0	0	0	
hsa:7006	0.204323744117	0.11395302395	0	0	0	0	0	0.306936394704	0	0	0	0	0	0	0.328785176566	0	0	0.311824047901	0	0	0	0	0	0	0	0	0	0.255108997464	0	0	0.285274935824	0	0.30750233039	0	0	0	0	0	0	0	0	0	0.309650238354	0	0	0	0	0	0	0	
hsa:7010	0.209880805963	0.117416699208	0	0.178064576068	0	0.283908678169	0	0	0	0	0.176139458888	0.309781056492	0	0	0	0	0.265661900642	0	0.276004552885	0	0	0	0	0	0	0	0	0.280064062812	0	0	0	0	0	0	0	0	0	0	0	0	0	0	0.298330202455	0	0	0	0	0	0	0	
hsa:7015	0	0	0	0	0	0	0	0	0	0	0	0	0	0	0	0	0	0	0	0	0	0	0	0	0	0	0	0	0	0	0	0	0	0	0	0	0	0	0	0	0	0	0	0	0	0	0	0	0	0	
hsa:7046	0	0	0	0	0.223407251832	0	0	0	0	0	0.223242034912	0	0.267371184245	0	0	0	0	0	0	0	0	0	0	0	0	0	0	0	0	0	0	0	0.277025403789	0	0	0	0	0	0	0	0	0	0	0	0	0	0	0	0	0	
hsa:7054	0	0	0	0	0	0	0	0	0	0	0	0	0	0	0	0	0	0	0	0	0	0	0	0	0	0	0	0	0	0	0	0	0	0	0	0	0	0	0	0.247025046284	0	0	0	0	0	0	0	0	0	0	
hsa:7075	0.192613166413	0.117456949262	0	0	0	0.295220158611	0	0.245240156914	0	0	0.176139458888	0.309781056492	0	0	0	0	0.286590541018	0	0.276004552885	0	0	0	0	0	0	0	0	0.247217452075	0	0	0	0	0	0	0	0	0	0	0	0	0	0	0.298330202455	0	0	0	0	0	0	0	
hsa:7083	0	0	0	0	0	0	0	0	0	0	0	0	0	0	0	0	0	0	0	0	0	0	0	0	0	0	0	0	0	0	0	0	0	0	0	0	0	0	0	0	0	0	0	0	0	0	0	0	0	0	
hsa:7084	0	0	0	0	0	0	0	0	0	0	0	0	0	0	0	0	0	0	0	0	0	0	0	0	0	0	0	0	0	0	0	0	0	0	0	0	0	0	0	0	0	0	0	0	0	0	0	0	0	0	
hsa:7150	0	0	0	0	0	0	0	0	0	0	0	0	0	0	0	0	0	0	0	0	0	0	0	0	0	0	0	0	0	0	0	0	0	0	0	0	0	0	0	0	0	0	0	0	0	0	0	0	0	0	
hsa:7153	0	0	0	0	0	0	0	0	0	0	0	0	0	0	0	0	0	0	0	0	0	0	0	0	0	0	0	0	0	0	0	0	0	0	0	0	0	0	0	0	0	0	0	0	0	0	0	0	0	0	
hsa:7155	0	0	0	0	0	0	0	0	0	0	0	0	0	0	0	0	0	0	0	0	0	0	0	0	0	0	0	0	0	0	0	0	0	0	0	0	0	0	0	0	0	0	0	0	0	0	0	0	0	0	
hsa:7156	0	0	0	0	0	0	0	0	0	0	0	0	0	0	0	0	0	0	0	0	0	0	0	0	0	0	0	0	0	0	0	0	0	0	0	0	0	0	0	0	0	0	0	0	0	0	0	0	0	0	
hsa:7172	0	0	0	0	0	0	0	0	0	0	0	0	0	0	0	0	0	0	0	0	0	0	0	0	0	0	0	0	0	0	0	0	0	0	0	0	0	0	0	0	0	0	0	0	0	0	0	0	0	0	
hsa:7173	0	0	0	0	0	0	0	0	0	0	0	0	0	0	0	0	0	0	0	0	0	0	0	0	0	0	0	0	0	0	0	0	0	0	0	0	0	0	0	0	0	0	0	0	0	0	0	0	0	0	
hsa:7174	0	0	0	0	0	0	0	0	0	0	0	0	0	0	0	0	0	0	0	0	0	0	0	0	0	0	0	0	0	0	0	0	0	0	0	0	0	0	0	0	0	0	0	0	0	0	0	0	0	0	
hsa:7294	0.204323744117	0.11395302395	0	0.186781722196	0	0	0	0	0	0	0	0	0	0	0.370093259149	0	0	0	0	0	0	0	0	0	0	0	0	0.282791714591	0	0	0.285274935824	0	0.235709361529	0	0	0	0	0	0	0	0	0	0.301608021524	0	0	0	0	0	0	0	
hsa:7297	0	0.117456949262	0	0	0	0.226003456995	0.245740421258	0.298047205366	0	0.328308380285	0	0	0	0	0.334785936643	0	0.242103345367	0	0	0	0	0	0	0.23939911097	0	0	0	0.238878240251	0	0	0	0	0	0	0	0	0	0	0	0	0	0	0	0	0	0	0	0	0	0	
hsa:7298	0	0	0	0	0	0	0	0	0	0	0	0	0	0	0	0	0	0	0	0	0	0	0	0	0	0	0	0	0	0	0	0	0	0	0	0	0	0	0	0	0	0	0	0	0	0	0	0	0	0	
hsa:7299	0	0	0	0	0	0	0	0	0	0	0	0	0	0	0	0	0	0	0	0	0	0	0	0	0	0	0	0	0	0	0	0	0	0	0	0	0	0	0	0	0	0	0	0	0	0	0	0	0	0	
hsa:7301	0	0.11395302395	0	0	0	0.259532948513	0	0.30335528174	0	0.360892012295	0	0	0	0	0	0	0	0.23535947286	0.234157216454	0	0	0	0	0.206030612142	0	0	0	0	0	0	0.261042049822	0	0	0	0	0	0	0	0	0	0	0	0.298888279118	0	0	0	0	0.242902698218	0	0	
hsa:7363	0	0	0	0	0	0	0	0	0	0	0	0	0	0	0	0	0	0	0	0.0767040861869	0.105522653605	0.273511184979	0.0723766446481	0	0.211073204282	0.153126886559	0.211688577347	0	0	0	0	0	0	0.0769199637053	0	0.171052253695	0.199576005662	0.112074973897	0.259699855942	0	0.185719068831	0	0	0	0	0	0.158811827343	0	0	0	
hsa:7364	0	0	0	0	0	0	0	0	0	0	0	0	0	0	0	0	0	0	0	0.0767040861869	0.105522653605	0.273511184979	0.0723766446481	0	0.218157087738	0.146105387906	0.211688577347	0	0	0	0	0	0	0.0769199637053	0	0.180801585889	0.219596674029	0.116813695323	0.270726734901	0	0.236704706423	0	0	0	0	0	0.128654784508	0	0	0	
hsa:7365	0	0	0	0	0	0	0	0	0	0	0	0	0	0	0	0	0	0	0	0.0767040861869	0.126685826884	0.273511184979	0.0723766446481	0	0.211073204282	0.142020112942	0.211688577347	0	0	0	0	0	0	0.0769199637053	0	0.164689699191	0.219596674029	0.0966967560404	0.270726734901	0	0.215541533144	0	0	0	0	0	0.158811827343	0	0	0	
hsa:7366	0	0	0	0	0	0	0	0	0	0	0	0	0	0	0	0	0	0	0	0.0767040861869	0.108918361067	0.263677769193	0.0628068573138	0	0.218157087738	0.141071888064	0.211688577347	0	0	0	0	0	0	0.0905660833991	0	0.163190876987	0.214954223518	0.116813695323	0.270726734901	0	0.250006502995	0	0	0	0	0	0.140485835329	0	0	0	
hsa:7367	0	0	0	0	0	0	0	0	0	0	0	0	0	0	0	0	0	0	0	0.0767040861869	0.108918361067	0.263677769193	0.0628068573138	0	0.218157087738	0.1369866131	0.211688577347	0	0	0	0	0	0	0.0905660833991	0	0.163190876987	0.199576005662	0.116813695323	0.270726734901	0	0.250006502995	0	0	0	0	0	0.140485835329	0	0	0	
hsa:7371	0	0	0	0	0	0	0	0	0	0	0	0	0	0	0	0	0	0	0	0	0	0	0	0	0	0	0	0	0	0	0	0	0	0	0	0	0	0	0	0	0	0	0	0	0	0	0	0	0	0	
hsa:7372	0	0	0	0	0	0	0	0	0	0	0	0	0	0	0	0	0	0	0	0	0	0	0	0	0	0	0	0	0	0	0	0	0	0	0	0	0	0	0	0	0	0	0	0	0	0	0	0	0	0	
hsa:7378	0	0	0	0	0	0	0	0	0	0	0	0	0	0	0	0	0	0	0	0	0	0	0	0	0	0	0	0	0	0	0	0	0	0	0	0	0	0	0	0	0	0	0	0	0	0	0	0	0	0	
hsa:7453	0	0	0	0	0	0	0	0	0	0	0	0	0	0	0	0	0	0	0	0	0	0	0	0	0	0	0	0	0	0	0	0	0	0	0	0	0	0	0	0	0	0	0	0	0	0	0	0	0	0	
hsa:7498	0	0	0	0	0	0	0	0	0	0	0	0	0	0	0	0	0	0	0	0	0	0	0	0	0	0	0	0	0	0	0	0	0	0	0	0	0	0	0	0	0	0	0	0	0	0	0	0	0	0	
hsa:7525	0	0	0.246454085617	0.188781729257	0.245101980136	0	0.280564370152	0	0	0.278693903025	0.20401461078	0	0	0	0.339990314851	0	0.288031985743	0.287999737939	0	0	0	0	0	0	0	0	0	0.277562557409	0	0	0.284200052773	0	0.275533135708	0	0	0	0	0	0	0	0	0	0	0	0	0	0	0	0	0	
hsa:7535	0	0.113927723642	0.177392605592	0	0	0.245520593495	0.239955830052	0.290865471636	0	0.342022827855	0	0	0	0	0	0	0.247502885023	0.235749702001	0.215954461907	0	0	0	0	0.214383974276	0	0	0	0	0	0	0.242500518572	0	0	0	0	0	0	0	0	0	0	0	0	0	0	0	0	0	0	0	
hsa:759	0	0	0	0	0	0	0	0	0	0	0	0	0	0	0	0	0	0	0	0	0	0	0	0	0	0	0	0	0	0	0	0	0	0	0	0	0	0	0	0	0	0	0	0	0	0	0	0	0	0	
hsa:760	0	0	0	0	0	0	0	0	0	0	0	0	0	0	0	0	0	0	0	0	0	0	0	0	0	0	0	0	0	0	0	0	0	0	0	0	0	0	0	0	0	0	0	0	0	0	0	0	0	0	
hsa:761	0	0	0	0	0	0	0	0	0	0	0	0	0	0	0	0	0	0	0	0	0	0	0	0	0	0	0	0	0	0	0	0	0	0	0	0	0	0	0	0	0	0	0	0	0	0	0	0	0	0	
hsa:762	0	0	0	0	0	0	0	0	0	0	0	0	0	0	0	0	0	0	0	0	0	0	0	0	0	0	0	0	0	0	0	0	0	0	0	0	0	0	0	0	0	0	0	0	0	0	0	0	0	0	
hsa:763	0	0	0	0	0	0	0	0	0	0	0	0	0	0	0	0	0	0	0	0	0	0	0	0	0	0	0	0	0	0	0	0	0	0	0	0	0	0	0	0	0	0	0	0	0	0	0	0	0	0	
hsa:765	0	0	0	0	0	0	0	0	0	0	0	0	0	0	0	0	0	0	0	0	0	0	0	0	0	0	0	0	0	0	0	0	0	0	0	0	0	0	0	0	0	0	0	0	0	0	0	0	0	0	
hsa:766	0	0	0	0	0	0	0	0	0	0	0	0	0	0	0	0	0	0	0	0	0	0	0	0	0	0	0	0	0	0	0	0	0	0	0	0	0	0	0	0	0	0	0	0	0	0	0	0	0	0	
hsa:767	0	0	0	0	0	0	0	0	0	0	0	0	0	0	0	0	0	0	0	0	0	0	0	0	0	0	0	0	0	0	0	0	0	0	0	0	0	0	0	0	0	0	0	0	0	0	0	0	0	0	
hsa:768	0	0	0	0	0	0	0	0	0	0	0	0	0	0	0	0	0	0	0	0	0	0	0	0	0	0	0	0	0	0	0	0	0	0	0	0	0	0	0	0	0	0	0	0	0	0	0	0	0	0	
hsa:771	0	0	0	0	0	0	0	0	0	0	0	0	0	0	0	0	0	0	0	0	0	0	0	0	0	0	0	0	0	0	0	0	0	0	0	0	0	0	0	0	0	0	0	0	0	0	0	0	0	0	
hsa:780	0	0	0	0.217249693785	0	0.257263596516	0.235351628518	0	0	0.355943945322	0.216743630895	0.312637784268	0	0	0.366866939177	0	0	0.268342115931	0	0	0	0	0	0	0	0	0	0	0.200135813252	0	0.283628140205	0	0	0	0	0	0	0	0	0	0	0	0.277383133894	0	0	0	0	0	0	0	
hsa:79001	0	0	0	0	0	0	0	0	0	0	0	0	0	0	0	0	0	0	0	0	0	0	0	0	0	0	0	0	0	0	0	0	0	0	0	0	0	0	0	0	0	0	0	0	0	0	0	0	0	0	
hsa:7957	0	0	0	0	0	0	0	0	0	0	0	0	0	0	0	0	0	0	0	0	0	0	0	0	0	0	0	0	0	0	0	0	0	0	0	0	0	0	0	0	0	0.206090488144	0	0	0	0	0	0	0	0	
hsa:79799	0	0	0	0	0	0	0	0	0	0	0	0	0	0	0	0	0	0	0	0.0767040861869	0.136279089317	0.246067081664	0.0723766446481	0	0.2154045457	0.132653298127	0.202118790013	0	0	0	0	0	0	0.0822817693633	0	0.145226143496	0.199576005662	0.0966967560404	0.240814811043	0	0.203106102684	0	0	0	0	0	0.186643450529	0	0	0	
hsa:80339	0	0	0	0	0	0	0	0	0	0	0	0	0	0	0	0	0	0	0	0	0	0	0	0	0	0	0	0	0	0	0	0	0	0	0	0	0	0	0	0	0	0	0	0	0	0	0	0	0	0	
hsa:80824	0	0	0	0	0	0	0	0	0	0	0	0	0	0	0	0	0	0	0	0	0	0	0	0	0	0	0	0	0	0	0	0	0	0	0	0	0	0	0	0	0	0.212884524404	0	0	0	0	0	0	0	0	
hsa:81579	0	0	0	0	0	0	0	0	0	0	0	0	0	0	0	0	0	0	0	0	0	0	0	0	0	0	0	0	0	0	0	0	0	0	0	0	0	0	0	0	0	0	0	0	0	0	0	0	0	0	
hsa:8192	0	0	0	0	0	0	0	0	0	0	0	0	0	0	0	0	0	0	0	0	0	0	0	0	0	0	0	0	0	0	0	0	0	0	0	0	0	0	0	0	0	0	0	0	0	0	0	0	0	0	
hsa:8288	0	0	0	0	0	0	0	0	0	0	0	0	0	0	0	0	0	0	0	0	0	0	0	0	0	0	0	0	0	0	0	0	0	0	0	0	0	0	0	0	0	0	0	0	0	0	0	0	0	0	
hsa:834	0	0	0	0	0	0	0	0	0	0	0	0	0	0	0	0	0	0	0	0	0	0	0	0	0	0	0	0	0	0	0	0	0	0	0	0	0	0	0	0	0	0	0	0	0	0	0	0	0	0	
hsa:8398	0	0	0	0	0	0	0	0	0	0	0	0	0	0	0	0	0	0	0	0	0	0	0	0	0	0	0	0	0	0	0	0	0	0	0	0	0	0	0	0	0	0	0	0	0	0	0	0	0	0	
hsa:8399	0	0	0	0	0	0	0	0	0	0	0	0	0	0	0	0	0	0	0	0	0	0	0	0	0	0	0	0	0	0	0	0	0	0	0	0	0	0	0	0	0	0	0	0	0	0	0	0	0	0	
hsa:84152	0	0	0	0	0	0	0	0	0	0	0	0	0	0	0	0	0	0	0	0	0	0	0	0	0	0	0	0	0	0	0	0	0	0	0	0	0	0	0	0	0	0	0	0	0	0	0	0	0	0	
hsa:84171	0	0	0	0	0	0	0	0	0	0	0	0	0	0	0	0	0	0	0	0	0	0	0	0	0	0	0	0	0	0	0	0	0	0	0	0	0	0	0	0	0	0	0	0	0	0	0	0	0	0	
hsa:8435	0	0	0	0	0	0	0	0	0	0	0	0	0	0	0	0	0	0	0	0	0	0	0	0	0	0	0	0	0	0	0	0	0	0	0	0	0	0	0	0	0	0	0	0	0	0	0	0	0	0	
hsa:84532	0	0	0	0	0	0	0	0	0	0	0	0	0	0	0	0	0	0	0	0	0	0	0	0	0	0	0	0	0	0	0	0	0	0	0	0	0	0	0	0	0	0	0	0	0	0	0	0	0	0	
hsa:84618	0	0	0	0	0	0	0	0	0	0	0	0	0	0	0	0	0	0	0	0	0	0	0	0	0	0	0	0	0	0	0	0	0	0	0	0	0	0	0	0	0	0	0	0	0	0	0	0	0	0	
hsa:84695	0	0	0	0	0	0	0	0	0	0	0	0	0	0	0	0	0	0	0	0	0	0	0	0	0	0	0	0	0	0	0	0	0	0	0	0	0	0	0	0	0	0	0	0	0	0	0	0	0	0	
hsa:84706	0	0	0	0	0	0	0	0	0	0	0	0	0	0	0	0	0	0	0	0	0	0	0	0	0	0	0	0	0	0	0	0	0	0	0	0	0	0	0	0	0	0	0	0	0	0	0	0	0	0	
hsa:84812	0	0	0	0	0	0	0	0	0	0	0	0	0	0	0	0	0	0	0	0	0	0	0	0	0	0	0	0	0	0	0	0	0	0	0	0	0	0	0	0	0	0	0	0	0	0	0	0	0	0	
hsa:8513	0	0	0	0	0	0	0	0	0	0	0	0	0	0	0	0	0	0	0	0	0	0	0	0	0	0	0	0	0	0	0	0	0	0	0	0	0	0	0	0	0	0	0	0	0	0	0	0	0	0	
hsa:8529	0	0	0	0	0	0	0	0	0	0	0	0	0	0	0	0.288473239974	0	0	0	0	0	0	0	0	0	0	0	0	0	0	0	0	0	0	0	0	0	0	0	0	0	0	0	0	0	0	0	0	0	0.31135892711	
hsa:85313	0	0	0	0	0	0	0	0	0	0	0	0	0	0	0	0	0	0	0	0	0	0	0	0	0	0	0	0	0	0	0	0	0	0	0	0	0	0	0	0	0	0	0	0	0	0	0	0	0	0	
hsa:8555	0	0	0	0	0	0	0	0	0	0	0	0	0	0	0	0	0	0	0	0	0	0	0	0	0	0	0	0	0	0	0	0	0	0	0	0	0	0	0	0	0	0.205021817253	0	0	0	0	0	0	0	0	
hsa:8556	0	0	0	0	0	0	0	0	0	0	0	0	0	0	0	0	0	0	0	0	0	0	0	0	0	0	0	0	0	0	0	0	0	0	0	0	0	0	0	0	0	0.205021817253	0	0	0	0	0	0	0	0	
hsa:8558	0	0	0	0	0.203585411408	0	0	0.247430523715	0	0	0	0	0.258978479794	0	0	0	0	0	0	0	0	0	0	0.245925764409	0	0	0	0	0	0.319277355879	0	0	0	0	0	0	0	0	0	0	0	0	0	0	0	0	0	0	0	0	
hsa:8622	0	0	0	0	0	0	0	0	0	0	0	0	0	0	0	0	0	0	0	0	0	0	0	0	0	0	0	0	0	0	0	0	0	0	0	0	0	0	0	0.23649160227	0	0	0	0.218872439443	0	0	0	0	0	0	
hsa:8654	0	0	0	0	0	0	0	0	0	0	0	0	0	0	0	0	0	0	0	0	0	0	0	0	0	0	0	0	0	0	0	0	0	0	0	0	0	0	0	0.255860073467	0	0	0	0.265653497124	0	0	0	0	0	0	
hsa:8836	0	0	0	0	0	0	0	0	0	0	0	0	0	0	0	0	0	0	0	0	0	0	0	0	0	0	0	0	0	0	0	0	0	0	0	0	0	0	0	0	0	0	0	0	0	0	0	0	0	0	
hsa:8854	0	0	0	0	0	0	0	0	0	0	0	0	0	0	0	0	0	0	0	0	0	0	0	0	0	0	0	0	0	0	0	0	0	0	0	0	0	0	0	0	0	0	0	0	0	0	0	0	0	0	
hsa:8940	0	0	0	0	0	0	0	0	0	0	0	0	0	0	0	0	0	0	0	0	0	0	0	0	0	0	0	0	0	0	0	0	0	0	0	0	0	0	0	0	0	0	0	0	0	0	0	0	0	0	
hsa:8972	0	0	0	0	0	0	0	0	0	0	0	0	0	0	0	0	0	0	0	0	0	0	0	0	0	0	0	0	0	0	0	0	0	0	0	0	0	0	0	0	0	0	0	0	0	0	0	0	0	0	
hsa:90	0	0	0	0	0.223407251832	0	0	0	0	0.331334625287	0	0	0.267371184245	0	0	0	0	0	0	0	0	0	0	0	0	0	0	0	0	0	0	0	0.276338355491	0	0	0	0	0	0	0	0	0	0	0	0	0	0	0	0	0	
hsa:9023	0	0	0	0	0	0	0	0	0	0	0	0	0	0	0	0	0	0	0	0	0	0	0	0	0	0	0	0	0	0	0	0	0	0	0	0	0	0	0	0	0	0	0	0	0	0	0	0	0	0	
hsa:9088	0	0	0	0	0	0	0	0	0	0	0.21651169566	0	0	0	0	0	0	0	0	0	0	0	0	0	0	0	0	0	0	0	0	0	0	0	0	0	0	0	0	0	0	0	0	0	0	0	0	0	0	0	
hsa:91	0	0	0	0	0.223407251832	0	0	0	0	0	0.223242034912	0	0.267371184245	0	0	0	0	0	0	0	0	0	0	0	0	0	0	0	0	0	0	0	0.257626328246	0	0	0	0	0	0	0	0	0	0	0	0	0	0	0	0	0	
hsa:91039	0	0	0	0	0	0	0	0	0	0	0	0	0	0	0	0	0	0	0	0	0	0	0	0	0	0	0	0	0	0	0	0	0	0	0	0	0	0	0	0	0	0	0	0	0	0	0	0	0	0	
hsa:9150	0	0	0	0	0	0	0	0	0	0	0	0	0	0	0	0	0	0	0	0	0	0	0	0	0	0	0	0	0	0	0	0	0	0	0	0	0	0	0	0	0	0	0	0	0	0	0	0	0	0	
hsa:93	0	0	0	0	0.206275429502	0	0	0	0	0	0	0	0.273809746143	0	0	0	0	0	0	0	0	0	0	0	0	0	0	0	0	0	0	0	0	0	0	0	0	0	0	0	0	0	0	0	0	0	0	0	0	0	
hsa:93650	0	0	0	0	0	0	0	0	0	0	0	0	0	0	0	0	0	0	0	0	0	0	0	0	0	0	0	0	0	0	0	0	0	0	0	0	0	0	0	0	0	0	0	0	0	0	0	0	0	0	
hsa:9388	0	0	0	0	0	0	0	0	0	0	0	0	0	0	0	0	0	0	0	0	0	0	0	0	0	0	0	0	0	0	0	0	0	0	0	0	0	0	0	0	0	0	0	0	0	0	0	0	0	0	
hsa:94	0	0	0	0	0.190917773888	0	0	0	0	0.331334625287	0	0	0.267371184245	0	0	0	0	0	0	0	0	0	0	0	0	0	0	0	0	0	0	0	0.280948129667	0	0	0	0	0	0	0	0	0	0	0	0	0	0	0	0	0	
hsa:9420	0	0	0	0	0	0	0	0	0	0	0	0	0	0	0	0	0	0	0	0	0	0	0	0	0	0	0	0	0	0	0	0	0	0	0	0	0	0	0	0	0	0	0	0	0	0.297414615409	0	0	0	0	
hsa:9563	0	0	0	0	0	0	0	0	0	0	0	0	0	0	0	0	0	0	0	0	0	0	0	0	0	0	0	0	0	0	0	0	0	0	0	0	0	0	0	0	0	0	0	0	0	0	0	0	0	0	
hsa:9601	0	0	0	0	0	0	0	0	0	0	0	0	0	0	0	0	0	0	0	0	0	0	0	0	0	0	0	0	0	0	0	0	0	0	0	0	0	0	0	0	0	0	0	0	0	0	0	0	0	0	
hsa:9641	0	0	0	0	0.182927804483	0	0	0	0	0.253821839388	0	0.235675735034	0	0	0	0	0	0	0	0	0	0	0	0	0	0	0	0	0	0	0	0	0	0	0	0	0	0	0	0	0	0	0	0	0	0	0	0	0	0	
hsa:9647	0	0	0	0	0	0	0	0	0	0	0	0	0	0	0	0	0	0	0	0	0	0	0	0	0	0	0	0	0	0	0	0	0	0	0	0	0	0	0	0	0	0	0	0	0	0	0	0	0	0	
hsa:983	0	0	0	0.192393580645	0.214120378051	0	0	0	0	0	0	0	0.273581926813	0	0	0	0	0	0	0	0	0	0	0.287238756653	0	0	0	0	0	0.337536672131	0	0	0	0	0	0	0	0	0	0	0	0	0	0	0	0	0	0	0	0	
hsa:9945	0	0	0	0	0	0	0	0	0	0	0	0	0	0	0	0	0	0	0	0	0	0	0	0	0	0	0	0	0	0	0	0	0	0	0	0	0	0	0	0	0	0	0	0	0	0	0	0	0	0	
hsa:9955	0	0	0	0	0	0	0	0	0	0	0	0	0	0	0	0	0	0	0	0	0	0	0	0	0	0	0	0	0	0	0	0	0	0	0	0	0	0	0	0	0	0	0	0	0	0	0	0	0	0	
