Fingerprint object
 name =   
 length =  4860 
 folded =  FALSE 
 source =  CDK 
 bits on =  1 297 504 506 647 677 839 886 973 989 1150 1193 1566 1572 2260 2547 2548 2561 2598 2695 2697 2950 2969 2975 3025 3224 3295 3455 3750 3788 3882 3943 3956 4000 4032 4080 4191 4237 4268 4295 4331 4692 4759 4769 4811 
Fingerprint object
 name =   
 length =  4860 
 folded =  FALSE 
 source =  CDK 
 bits on =  297 466 504 506 647 654 669 677 839 886 973 983 1193 1256 1427 1524 1566 1937 2547 2598 2667 2673 2975 3025 3161 3224 3295 3455 3602 3611 3619 3620 3750 3788 3789 3806 3882 3943 3956 3957 3971 4080 4191 4237 4266 4295 4331 4501 4533 4645 4649 4653 4695 4811 4813 
Fingerprint object
 name =   
 length =  4860 
 folded =  FALSE 
 source =  CDK 
 bits on =  1 297 298 341 444 580 647 648 665 669 1193 1524 1637 1645 2547 2548 2667 2673 2855 2975 3025 3145 3159 3180 3224 3408 3610 3640 3692 3737 3739 3744 3788 3789 3809 3956 3957 3971 4019 4331 4645 4695 4813 4831 4843 
Fingerprint object
 name =   
 length =  4860 
 folded =  FALSE 
 source =  CDK 
 bits on =  1 14 20 73 98 297 341 344 362 382 466 663 665 669 677 810 839 840 842 1193 1299 2228 2781 2855 2856 2975 3025 3224 3295 3455 3640 3647 3648 3671 3692 3740 3750 3773 3809 3814 3815 3816 3882 3926 3928 3942 4019 4023 4080 4192 4237 4296 4331 4843 4856 
Fingerprint object
 name =   
 length =  4860 
 folded =  FALSE 
 source =  CDK 
 bits on =  1 14 20 72 98 297 504 557 647 669 677 839 840 842 1193 1566 1583 1646 2259 2260 2547 2548 2598 2660 2673 2695 2975 3025 3224 3295 3328 3331 3408 3410 3434 3455 3640 3647 3671 3740 3750 3788 3789 3790 3806 3821 3869 3882 3943 3956 3957 3959 3967 3971 4000 4003 4032 4062 4065 4067 4080 4191 4237 4252 4295 4331 4533 4695 4765 4803 4804 4811 4829 
Fingerprint object
 name =   
 length =  4860 
 folded =  FALSE 
 source =  CDK 
 bits on =  297 467 573 677 1150 1591 1615 2950 2969 2975 3573 3882 4080 4287 
Fingerprint object
 name =   
 length =  4860 
 folded =  FALSE 
 source =  CDK 
 bits on =  1 214 297 298 341 344 346 493 581 1146 1638 2975 3150 3161 3224 3402 3611 3640 3661 3692 3706 3712 3729 3733 3740 3750 3773 3882 3926 3937 4080 4264 
Fingerprint object
 name =   
 length =  4860 
 folded =  FALSE 
 source =  CDK 
 bits on =  1 16 297 298 306 341 344 346 466 467 492 504 506 557 561 647 654 669 677 678 790 839 886 1139 1144 1145 1193 1256 1645 2547 2598 2673 2781 2855 2975 3025 3224 3295 3328 3331 3402 3404 3455 3542 3543 3596 3640 3661 3662 3682 3692 3704 3706 3710 3740 3742 3750 3773 3775 3778 3781 3782 3786 3787 3788 3789 3790 3800 3806 3882 3926 3928 3932 3937 3942 3948 3955 3956 3957 3959 3966 3971 4080 4191 4237 4283 4286 4295 4320 4326 4328 4329 4331 4533 4591 4680 4695 4811 4828 4843 4853 
Fingerprint object
 name =   
 length =  4860 
 folded =  FALSE 
 source =  CDK 
 bits on =  297 341 401 403 504 506 599 669 677 839 1193 1566 1659 1755 1920 2975 3025 3054 3078 3224 3295 3455 3490 3609 3640 3647 3671 3675 3702 3740 3750 3882 4080 4237 4269 4331 4520 
Fingerprint object
 name =   
 length =  4860 
 folded =  FALSE 
 source =  CDK 
 bits on =  1 14 16 91 93 297 298 299 309 466 504 506 507 647 654 669 677 678 683 703 839 886 1193 1256 1271 1484 1564 1642 1750 2015 2547 2598 2600 2673 2975 3025 3168 3181 3224 3295 3402 3404 3455 3640 3661 3662 3692 3740 3742 3750 3773 3775 3778 3781 3782 3786 3788 3789 3806 3882 3926 3928 3932 3937 3942 3948 3956 3957 3971 4080 4191 4237 4295 4331 4533 4695 4811 
Fingerprint object
 name =   
 length =  4860 
 folded =  FALSE 
 source =  CDK 
 bits on =  1 14 20 72 98 297 504 557 647 669 677 839 840 842 1013 1049 1193 1566 1583 1642 1798 2259 2260 2547 2548 2598 2660 2673 2695 2975 3025 3224 3295 3328 3331 3408 3410 3434 3455 3640 3647 3671 3740 3750 3788 3789 3790 3806 3821 3869 3882 3943 3956 3957 3959 3967 3971 4000 4003 4032 4062 4067 4080 4191 4237 4252 4295 4331 4533 4695 4765 4803 4804 4811 4829 
Fingerprint object
 name =   
 length =  4860 
 folded =  FALSE 
 source =  CDK 
 bits on =  297 504 506 557 561 647 654 669 677 839 886 1014 1031 1193 1256 1566 1583 1645 1652 1751 2259 2547 2598 2660 2661 2673 2695 2975 3025 3224 3295 3328 3331 3455 3550 3553 3574 3602 3750 3788 3789 3790 3806 3821 3869 3882 3943 3956 3957 3959 3967 3971 4000 4003 4080 4191 4237 4295 4331 4533 4695 4765 4803 4804 4811 4829 
Fingerprint object
 name =   
 length =  4860 
 folded =  FALSE 
 source =  CDK 
 bits on =  297 341 344 362 382 466 504 506 557 561 582 647 654 669 677 839 886 1013 1193 1256 1566 1583 1642 2259 2547 2598 2660 2661 2673 2695 2975 3025 3224 3295 3328 3331 3455 3550 3553 3640 3682 3692 3704 3710 3750 3788 3789 3790 3806 3821 3869 3882 3943 3956 3957 3959 3967 3971 4000 4003 4080 4191 4237 4295 4331 4533 4695 4765 4803 4804 4811 4829 
Fingerprint object
 name =   
 length =  4860 
 folded =  FALSE 
 source =  CDK 
 bits on =  297 466 504 506 647 654 669 677 839 886 1090 1193 1256 1932 1937 2084 2547 2598 2673 2975 3025 3161 3224 3295 3455 3510 3550 3553 3574 3577 3602 3611 3619 3620 3750 3788 3789 3806 3882 3943 3956 3957 3971 4080 4191 4237 4295 4331 4501 4533 4653 4695 4811 
Fingerprint object
 name =   
 length =  4860 
 folded =  FALSE 
 source =  CDK 
 bits on =  297 466 504 506 647 654 669 672 677 839 886 1147 1193 1256 1645 1733 1937 2260 2380 2547 2598 2673 2930 2934 2975 3025 3161 3224 3295 3455 3611 3619 3620 3750 3788 3789 3806 3882 3943 3956 3957 3971 4032 4067 4080 4117 4191 4237 4252 4256 4295 4331 4501 4533 4653 4695 4811 4833 
Fingerprint object
 name =   
 length =  4860 
 folded =  FALSE 
 source =  CDK 
 bits on =  297 466 504 506 647 654 669 672 677 839 886 973 976 1147 1193 1256 1566 1569 1937 2380 2547 2598 2673 2934 2940 2975 3025 3161 3224 3295 3455 3611 3619 3620 3750 3788 3789 3806 3882 3943 3956 3957 3971 4080 4117 4191 4237 4265 4295 4331 4501 4533 4653 4695 4811 4833 
Fingerprint object
 name =   
 length =  4860 
 folded =  FALSE 
 source =  CDK 
 bits on =  297 504 506 647 669 677 839 886 1150 1193 1566 1572 1645 2260 2547 2598 2695 2950 2969 2975 3025 3224 3295 3455 3550 3553 3586 3750 3788 3882 3943 3956 4000 4032 4067 4080 4191 4237 4295 4331 4759 4811 
Fingerprint object
 name =   
 length =  4860 
 folded =  FALSE 
 source =  CDK 
 bits on =  297 504 506 647 677 839 886 973 1150 1193 1564 1566 1572 1578 2547 2598 2695 2950 2969 2975 3025 3224 3295 3455 3750 3788 3882 3943 3956 4000 4080 4191 4237 4295 4331 4759 4811 
Fingerprint object
 name =   
 length =  4860 
 folded =  FALSE 
 source =  CDK 
 bits on =  1 14 33 101 297 298 299 467 480 483 486 504 506 647 669 677 758 839 886 1150 1193 1564 1566 1572 2547 2598 2695 2950 2969 2975 3025 3224 3295 3382 3455 3640 3682 3740 3742 3750 3773 3775 3778 3781 3782 3786 3788 3882 3926 3928 3932 3942 3948 3956 4000 4080 4191 4237 4295 4331 4759 4811 
Fingerprint object
 name =   
 length =  4860 
 folded =  FALSE 
 source =  CDK 
 bits on =  297 504 506 647 669 672 677 839 886 1147 1150 1193 1566 1572 1931 2380 2547 2598 2667 2695 2915 2934 2950 2969 2975 3025 3224 3295 3455 3557 3560 3580 3587 3602 3750 3788 3882 3943 3956 4000 4080 4117 4191 4237 4244 4260 4268 4295 4331 4751 4758 4759 4811 4833 
Fingerprint object
 name =   
 length =  4860 
 folded =  FALSE 
 source =  CDK 
 bits on =  297 504 665 669 1193 1263 1592 2037 2101 2259 2855 2870 2975 3025 3054 3224 3455 3527 3564 3809 3821 3866 3869 4019 4028 4331 4843 4853 4856 
Fingerprint object
 name =   
 length =  4860 
 folded =  FALSE 
 source =  CDK 
 bits on =  1 14 20 72 98 297 467 480 580 669 677 804 839 840 842 1193 1637 1642 1663 1786 2259 2547 2548 2673 2975 3025 3159 3161 3197 3224 3295 3408 3410 3434 3455 3610 3611 3640 3647 3648 3671 3740 3750 3773 3788 3789 3806 3821 3869 3882 3926 3928 3932 3942 3946 3948 3956 3957 3971 4080 4191 4237 4288 4295 4331 4501 4533 4653 4695 4811 
Fingerprint object
 name =   
 length =  4860 
 folded =  FALSE 
 source =  CDK 
 bits on =  1 14 20 98 669 677 810 839 840 842 891 896 900 1193 1299 1592 2101 2259 2855 2856 2975 3025 3224 3295 3455 3640 3647 3648 3671 3740 3742 3750 3773 3779 3781 3809 3821 3866 3869 3882 3926 3928 3933 3942 4019 4028 4080 4192 4193 4197 4237 4296 4331 4843 4853 4856 
Fingerprint object
 name =   
 length =  4860 
 folded =  FALSE 
 source =  CDK 
 bits on =  297 341 401 403 458 504 506 647 654 665 672 677 839 1147 1193 1566 1569 1645 2380 2547 2673 2855 2934 2975 3025 3224 3295 3455 3587 3590 3594 3602 3640 3647 3671 3740 3750 3809 3882 3943 3956 3957 3971 4019 4026 4028 4080 4117 4237 4257 4331 4642 4645 4695 4813 4833 4843 4853 4858 
Fingerprint object
 name =   
 length =  4860 
 folded =  FALSE 
 source =  CDK 
 bits on =  297 341 401 403 458 504 506 647 654 665 669 677 839 1193 1591 1621 1645 2547 2667 2673 2703 2855 2975 3025 3224 3295 3455 3587 3590 3640 3647 3671 3740 3750 3809 3882 3943 3956 3957 3971 4000 4019 4026 4028 4080 4237 4257 4331 4642 4645 4695 4813 4843 4853 4858 
Fingerprint object
 name =   
 length =  4860 
 folded =  FALSE 
 source =  CDK 
 bits on =  1 14 92 297 298 299 307 341 342 401 410 504 506 557 561 647 654 669 677 839 886 1064 1193 1256 1645 1895 2547 2598 2673 2712 2975 3025 3222 3224 3295 3328 3331 3369 3392 3393 3455 3640 3654 3655 3656 3659 3671 3692 3697 3701 3706 3708 3709 3730 3737 3744 3750 3788 3789 3790 3795 3806 3882 3943 3956 3957 3959 3971 4000 4005 4080 4191 4237 4254 4260 4295 4331 4533 4695 4735 4751 4770 4811 
Fingerprint object
 name =   
 length =  4860 
 folded =  FALSE 
 source =  CDK 
 bits on =  1 14 20 72 98 297 341 401 403 458 504 506 647 665 669 677 839 840 842 1064 1193 1645 1895 2547 2548 2673 2712 2855 2975 3025 3222 3224 3295 3408 3410 3434 3455 3587 3590 3640 3647 3671 3740 3750 3788 3789 3806 3809 3882 3943 3956 3957 3971 4000 4005 4019 4026 4028 4080 4191 4237 4254 4257 4260 4295 4331 4533 4642 4645 4695 4735 4751 4770 4811 4813 4843 4853 4858 
Fingerprint object
 name =   
 length =  4860 
 folded =  FALSE 
 source =  CDK 
 bits on =  1 14 20 98 297 580 669 1193 1524 1637 1645 2547 2667 2673 2855 2856 2975 3025 3145 3159 3180 3224 3328 3455 3610 3640 3654 3655 3671 3744 3788 3789 3809 3956 3957 3959 3971 4019 4331 4645 4681 4695 4813 4831 4843 4856 
Fingerprint object
 name =   
 length =  4860 
 folded =  FALSE 
 source =  CDK 
 bits on =  1 14 17 20 233 297 298 299 300 302 311 341 444 647 654 669 1148 1193 1524 1645 2547 2667 2673 2855 2856 2949 2975 3025 3145 3180 3224 3328 3408 3455 3640 3654 3655 3671 3692 3697 3701 3737 3744 3746 3788 3789 3790 3802 3806 3809 3956 3957 3959 3971 4019 4331 4413 4645 4681 4695 4813 4821 4831 4843 4856 
Fingerprint object
 name =   
 length =  4860 
 folded =  FALSE 
 source =  CDK 
 bits on =  126 133 297 504 610 612 647 654 669 1153 1193 1256 1564 1566 1568 2262 2265 2267 2547 2598 2673 2675 2975 2977 2986 3010 3025 3224 3295 3328 3331 3440 3455 3596 3750 3773 3775 3778 3781 3782 3786 3788 3789 3790 3806 3882 3892 3926 3928 3932 3942 3943 3948 3956 3957 3959 3971 4080 4191 4237 4295 4331 4533 4610 4612 4695 4810 4811 
Fingerprint object
 name =   
 length =  4860 
 folded =  FALSE 
 source =  CDK 
 bits on =  1 20 126 133 264 297 298 302 303 504 506 515 516 647 654 669 677 811 813 839 840 886 1193 1256 1300 1566 1568 2547 2548 2564 2598 2603 2673 2675 2695 2702 2975 2986 3010 3025 3190 3224 3295 3303 3325 3328 3331 3408 3421 3434 3436 3440 3455 3596 3640 3647 3651 3653 3671 3740 3744 3750 3788 3789 3790 3806 3882 3949 3953 3956 3957 3959 3971 4000 4005 4006 4080 4191 4237 4284 4293 4295 4301 4314 4317 4331 4533 4579 4610 4612 4695 4770 4802 4810 4811 4829 
Fingerprint object
 name =   
 length =  4860 
 folded =  FALSE 
 source =  CDK 
 bits on =  1 2 14 16 212 297 298 299 341 344 346 504 506 647 654 669 677 678 839 886 1193 1256 1645 1756 2547 2598 2673 2781 2796 2855 2876 2975 3025 3150 3224 3295 3369 3396 3398 3402 3404 3455 3541 3543 3593 3596 3598 3640 3659 3660 3661 3662 3692 3706 3712 3719 3726 3729 3733 3735 3740 3742 3750 3773 3775 3778 3781 3782 3786 3788 3789 3806 3882 3926 3928 3932 3937 3942 3948 3956 3957 3971 4019 4020 4023 4026 4028 4080 4191 4237 4264 4295 4331 4491 4533 4552 4591 4645 4695 4811 4813 4843 4853 
Fingerprint object
 name =   
 length =  4860 
 folded =  FALSE 
 source =  CDK 
 bits on =  126 133 297 341 383 387 390 392 467 480 483 486 504 506 582 590 647 654 669 677 839 886 1193 1256 1566 1568 1642 1798 2260 2547 2598 2673 2675 2975 2986 3010 3025 3224 3295 3328 3331 3440 3455 3548 3596 3682 3750 3773 3775 3778 3781 3782 3786 3788 3789 3790 3806 3882 3926 3928 3932 3942 3948 3956 3957 3959 3971 4032 4067 4080 4191 4237 4295 4331 4533 4610 4612 4695 4810 4811 
Fingerprint object
 name =   
 length =  4860 
 folded =  FALSE 
 source =  CDK 
 bits on =  297 341 438 444 605 610 620 621 647 1193 1427 1564 1566 1645 2262 2265 2428 2433 2547 2694 2712 2975 3025 3179 3224 3554 3560 3574 3596 3598 3606 3682 3750 3751 3752 3756 3773 3781 3782 3788 3882 3884 3889 3921 3926 3942 3956 4000 4080 4237 4287 4294 4331 4541 4813 4815 4820 
Fingerprint object
 name =   
 length =  4860 
 folded =  FALSE 
 source =  CDK 
 bits on =  297 341 344 346 504 506 577 605 610 621 669 677 839 973 983 1193 1427 1503 1566 1591 1621 2262 2265 2413 2547 2667 2703 2975 3025 3157 3224 3295 3455 3591 3602 3640 3682 3692 3706 3729 3733 3735 3740 3741 3742 3750 3751 3752 3756 3773 3781 3782 3882 3884 3889 3915 3926 3942 3943 3956 4000 4080 4237 4287 4331 4516 4539 4749 
Fingerprint object
 name =   
 length =  4860 
 folded =  FALSE 
 source =  CDK 
 bits on =  1 14 20 98 297 467 480 582 592 669 677 839 840 842 1193 1592 1642 1811 2101 2259 2547 2667 2711 2855 2856 2975 3025 3224 3295 3455 3560 3640 3647 3648 3671 3740 3750 3773 3809 3821 3866 3869 3882 3926 3928 3942 3956 4000 4019 4028 4080 4192 4237 4287 4296 4331 4843 4853 4856 
Fingerprint object
 name =   
 length =  4860 
 folded =  FALSE 
 source =  CDK 
 bits on =  297 466 504 506 647 654 659 665 669 677 839 887 924 931 1193 1520 1592 2101 2259 2547 2595 2673 2855 2870 2975 3025 3224 3295 3455 3750 3773 3781 3788 3789 3803 3806 3809 3821 3866 3869 3882 3926 3928 3934 3942 3956 3957 3968 3971 4019 4028 4080 4192 4205 4237 4296 4331 4695 4843 4853 4856 
Fingerprint object
 name =   
 length =  4860 
 folded =  FALSE 
 source =  CDK 
 bits on =  297 341 344 363 364 383 387 390 392 401 403 413 458 467 480 483 486 504 506 566 647 654 665 677 839 886 1193 1256 1564 1645 2547 2598 2673 2855 2975 3025 3224 3295 3455 3587 3590 3640 3647 3671 3682 3704 3740 3742 3750 3773 3775 3778 3781 3782 3786 3788 3789 3806 3809 3882 3926 3928 3932 3942 3943 3948 3956 3957 3971 4019 4026 4028 4080 4191 4237 4257 4295 4331 4533 4642 4645 4695 4811 4813 4843 4853 4858 
Fingerprint object
 name =   
 length =  4860 
 folded =  FALSE 
 source =  CDK 
 bits on =  1 14 20 27 28 98 669 1193 1452 1467 1566 1568 1642 1786 2220 2259 2855 2856 2975 3025 3218 3224 3279 3283 3455 3546 3640 3645 3671 3682 3704 3809 3821 3844 3869 4019 4331 4843 4856 
Fingerprint object
 name =   
 length =  4860 
 folded =  FALSE 
 source =  CDK 
 bits on =  1 67 234 297 298 341 453 457 458 663 665 669 1193 1564 1930 1991 2262 2264 2265 2308 2781 2855 2975 3025 3052 3169 3224 3402 3404 3612 3640 3661 3662 3692 3739 3740 3741 3742 3750 3751 3773 3781 3809 3814 3815 3816 3820 3882 3884 3889 3926 3937 3942 4019 4023 4080 4237 4296 4331 4502 4606 4843 
Fingerprint object
 name =   
 length =  4860 
 folded =  FALSE 
 source =  CDK 
 bits on =  1 17 114 297 298 300 493 582 590 1146 1148 1591 1614 1642 1798 2260 2949 2975 3224 3430 3548 3591 3682 3750 3773 3788 3882 3926 3948 3956 4032 4067 4080 4287 4295 4331 4813 
Fingerprint object
 name =   
 length =  4860 
 folded =  FALSE 
 source =  CDK 
 bits on =  1 14 20 72 98 297 504 557 647 669 677 839 840 842 1009 1193 1317 1566 1583 1592 1622 2259 2547 2548 2598 2660 2673 2695 2975 3025 3139 3224 3295 3328 3331 3408 3410 3434 3455 3640 3647 3671 3740 3750 3788 3789 3790 3806 3821 3869 3882 3943 3956 3957 3959 3967 3971 4000 4003 4080 4191 4237 4262 4295 4331 4533 4551 4695 4765 4803 4804 4811 4829 
Fingerprint object
 name =   
 length =  4860 
 folded =  FALSE 
 source =  CDK 
 bits on =  1 234 297 298 341 453 457 458 504 663 665 669 1154 1156 1160 1173 1193 1642 1672 1673 2781 2855 2870 2886 2975 3025 3224 3349 3369 3382 3455 3640 3682 3692 3739 3809 3814 3815 3816 3820 4019 4023 4026 4028 4331 4606 4843 4853 4856 
Fingerprint object
 name =   
 length =  4860 
 folded =  FALSE 
 source =  CDK 
 bits on =  1 14 16 20 72 98 216 297 298 341 344 504 557 608 631 669 677 678 753 839 840 842 1193 1642 1724 1798 2260 2262 2264 2314 2547 2548 2673 2781 2855 2886 2975 3025 3149 3224 3295 3328 3331 3402 3404 3408 3410 3434 3455 3640 3647 3648 3649 3661 3662 3671 3692 3706 3729 3733 3735 3740 3742 3750 3773 3775 3777 3778 3781 3782 3786 3787 3788 3789 3790 3800 3806 3882 3901 3926 3928 3932 3937 3942 3946 3948 3955 3956 3957 3959 3966 3971 4032 4067 4080 4191 4237 4261 4283 4286 4295 4320 4326 4328 4329 4331 4533 4591 4680 4695 4811 4828 4843 4853 
Fingerprint object
 name =   
 length =  4860 
 folded =  FALSE 
 source =  CDK 
 bits on =  297 341 344 444 504 582 605 608 610 647 648 669 1154 1193 1539 1642 1710 2262 2264 2265 2448 2547 2975 3025 3149 3156 3165 3191 3224 3295 3336 3337 3339 3369 3375 3385 3390 3396 3398 3455 3550 3640 3647 3648 3657 3659 3660 3671 3692 3693 3701 3706 3707 3709 3712 3713 3718 3719 3721 3726 3729 3733 3735 3740 3741 3742 3750 3751 3752 3773 3775 3777 3781 3782 3786 3788 3789 3882 3884 3889 3892 3914 3926 3928 3942 3943 3948 3956 3957 4080 4237 4287 4295 4298 4331 4388 4411 4492 4519 
Fingerprint object
 name =   
 length =  4860 
 folded =  FALSE 
 source =  CDK 
 bits on =  297 341 344 346 504 506 665 669 677 821 823 839 887 967 1124 1154 1156 1160 1173 1193 1538 1642 1672 1673 2262 2265 2474 2855 2870 2886 2975 3025 3150 3224 3295 3303 3325 3349 3353 3355 3369 3375 3382 3396 3398 3402 3404 3418 3455 3593 3640 3647 3648 3651 3653 3659 3660 3661 3662 3671 3682 3692 3693 3701 3706 3707 3709 3712 3713 3717 3718 3719 3721 3726 3729 3733 3735 3740 3742 3750 3773 3779 3781 3809 3882 3926 3928 3933 3936 3937 3942 3945 3949 3953 4019 4026 4028 4080 4169 4192 4193 4197 4201 4237 4264 4281 4286 4294 4296 4301 4315 4317 4331 4433 4495 4531 4552 4579 4843 4853 4856 
Fingerprint object
 name =   
 length =  4860 
 folded =  FALSE 
 source =  CDK 
 bits on =  297 504 506 665 669 677 839 887 1154 1156 1160 1173 1193 1931 2228 2259 2547 2667 2855 2870 2975 3025 3224 3295 3369 3455 3560 3587 3590 3599 3640 3750 3809 3821 3857 3869 3882 3943 3956 4000 4019 4080 4192 4237 4250 4268 4296 4331 4769 4843 4856 
Fingerprint object
 name =   
 length =  4860 
 folded =  FALSE 
 source =  CDK 
 bits on =  297 504 506 557 561 647 654 677 839 886 1193 1256 1566 1583 1592 1632 2259 2547 2598 2660 2661 2673 2695 2975 3025 3147 3224 3295 3328 3331 3455 3750 3788 3789 3790 3806 3821 3869 3882 3943 3956 3957 3959 3967 3971 4000 4003 4080 4191 4237 4295 4331 4533 4695 4765 4803 4804 4811 4829 
Fingerprint object
 name =   
 length =  4860 
 folded =  FALSE 
 source =  CDK 
 bits on =  297 341 383 387 390 392 413 467 480 483 486 504 506 557 561 566 647 654 677 780 839 886 1193 1256 1564 1566 1583 2259 2547 2598 2660 2661 2673 2695 2975 3025 3224 3295 3328 3331 3455 3682 3750 3773 3775 3778 3781 3782 3786 3788 3789 3790 3806 3821 3869 3882 3926 3928 3932 3942 3948 3956 3957 3959 3967 3971 4000 4003 4080 4191 4237 4295 4331 4533 4695 4765 4803 4804 4811 4829 
Fingerprint object
 name =   
 length =  4860 
 folded =  FALSE 
 source =  CDK 
 bits on =  297 467 480 483 504 506 665 669 677 790 791 839 887 1013 1049 1154 1156 1160 1173 1193 1240 1642 1672 1673 1798 2260 2855 2870 2886 2975 3025 3224 3295 3302 3349 3369 3382 3455 3640 3682 3750 3773 3775 3781 3782 3783 3785 3809 3882 3926 3928 3942 3943 3945 4019 4026 4028 4032 4062 4067 4080 4192 4237 4252 4281 4286 4294 4296 4331 4531 4843 4853 4856 
Fingerprint object
 name =   
 length =  4860 
 folded =  FALSE 
 source =  CDK 
 bits on =  297 665 669 1154 1156 1160 1173 1566 1642 1672 1673 2855 2886 2975 3224 3349 3369 3382 3640 3682 4019 4026 4028 4331 4843 4853 
Fingerprint object
 name =   
 length =  4860 
 folded =  FALSE 
 source =  CDK 
 bits on =  1 14 92 102 297 341 344 346 467 492 504 557 561 647 654 669 677 790 1139 1144 1145 1193 1256 1496 1645 2262 2265 2273 2547 2598 2673 2781 2855 2975 3025 3224 3295 3328 3331 3402 3403 3404 3455 3542 3543 3596 3640 3682 3692 3704 3710 3750 3751 3752 3756 3757 3765 3773 3775 3778 3781 3782 3786 3787 3788 3789 3790 3800 3806 3882 3884 3889 3899 3926 3928 3932 3937 3942 3948 3955 3956 3957 3959 3966 3971 4080 4191 4237 4283 4286 4295 4320 4326 4328 4329 4331 4533 4591 4680 4695 4811 4828 4843 4853 
Fingerprint object
 name =   
 length =  4860 
 folded =  FALSE 
 source =  CDK 
 bits on =  297 504 506 610 612 647 677 839 973 1150 1193 1566 1572 2262 2265 2455 2547 2598 2695 2950 2969 2975 3025 3224 3295 3302 3455 3750 3773 3775 3778 3781 3782 3783 3785 3786 3788 3882 3892 3926 3928 3932 3942 3943 3945 3948 3956 4000 4080 4191 4237 4281 4286 4294 4295 4331 4422 4531 4759 4811 
Fingerprint object
 name =   
 length =  4860 
 folded =  FALSE 
 source =  CDK 
 bits on =  1 14 45 92 297 504 506 647 669 677 839 886 1013 1018 1019 1150 1193 1566 1572 1642 1664 2547 2598 2695 2950 2969 2975 3025 3224 3295 3382 3455 3550 3553 3640 3682 3750 3788 3882 3943 3956 4000 4080 4191 4237 4295 4331 4759 4811 
Fingerprint object
 name =   
 length =  4860 
 folded =  FALSE 
 source =  CDK 
 bits on =  297 467 480 483 486 504 506 582 588 647 677 806 839 886 1150 1193 1566 1572 1642 1786 2259 2547 2598 2695 2950 2969 2975 3025 3224 3295 3455 3546 3750 3773 3788 3821 3869 3882 3926 3928 3932 3942 3948 3956 4000 4080 4191 4237 4287 4295 4331 4759 4811 
Fingerprint object
 name =   
 length =  4860 
 folded =  FALSE 
 source =  CDK 
 bits on =  297 467 480 483 486 504 506 647 669 677 839 886 1150 1193 1566 1572 1588 2547 2598 2667 2695 2950 2969 2975 3025 3224 3295 3455 3606 3750 3773 3788 3882 3926 3928 3932 3942 3948 3956 4000 4080 4191 4237 4287 4295 4331 4759 4811 
Fingerprint object
 name =   
 length =  4860 
 folded =  FALSE 
 source =  CDK 
 bits on =  1 14 126 133 297 298 299 312 341 382 444 466 504 605 610 612 621 647 654 669 1193 1256 1932 2259 2262 2265 2547 2548 2584 2598 2667 2673 2675 2975 2986 3010 3025 3191 3224 3295 3297 3328 3331 3408 3434 3435 3440 3455 3559 3560 3585 3591 3640 3740 3741 3742 3744 3750 3751 3752 3756 3757 3759 3765 3767 3772 3773 3775 3778 3781 3782 3786 3788 3789 3790 3806 3821 3869 3882 3884 3889 3899 3905 3922 3926 3928 3932 3942 3946 3948 3956 3957 3959 3971 4000 4003 4005 4006 4080 4191 4237 4295 4331 4533 4542 4610 4612 4695 4765 4770 4810 4811 4826 4827 
Fingerprint object
 name =   
 length =  4860 
 folded =  FALSE 
 source =  CDK 
 bits on =  1 14 92 297 298 299 307 341 342 401 410 504 506 515 516 557 561 647 654 669 677 811 813 839 886 1193 1256 1300 1642 1786 2259 2547 2598 2603 2673 2711 2750 2975 3025 3224 3295 3303 3325 3328 3331 3369 3392 3393 3455 3640 3654 3655 3656 3659 3671 3692 3697 3701 3706 3708 3709 3730 3737 3744 3750 3788 3789 3790 3795 3806 3821 3869 3882 3949 3953 3956 3957 3959 3971 4000 4080 4191 4237 4295 4301 4314 4317 4331 4533 4579 4695 4729 4802 4811 
Fingerprint object
 name =   
 length =  4860 
 folded =  FALSE 
 source =  CDK 
 bits on =  1 16 228 297 341 401 403 458 504 506 647 654 665 677 678 754 839 886 891 900 901 1193 1256 1645 2547 2598 2673 2855 2975 3025 3058 3224 3295 3402 3404 3455 3587 3590 3640 3647 3671 3740 3742 3750 3773 3779 3781 3788 3789 3806 3809 3882 3926 3928 3932 3933 3937 3942 3943 3948 3956 3957 3971 4019 4026 4028 4080 4191 4193 4197 4237 4257 4295 4331 4533 4558 4642 4645 4695 4811 4813 4826 4843 4853 4858 
Fingerprint object
 name =   
 length =  4860 
 folded =  FALSE 
 source =  CDK 
 bits on =  297 341 401 403 458 504 506 647 654 665 677 839 886 1193 1256 1645 1787 2259 2260 2547 2598 2673 2855 2975 3025 3224 3295 3455 3587 3590 3640 3647 3671 3740 3750 3788 3789 3806 3809 3821 3867 3869 3882 3943 3956 3957 3971 4019 4026 4028 4032 4067 4080 4191 4237 4257 4259 4295 4331 4533 4642 4645 4695 4811 4813 4843 4853 4858 
Fingerprint object
 name =   
 length =  4860 
 folded =  FALSE 
 source =  CDK 
 bits on =  297 341 401 403 458 504 506 647 654 665 677 839 886 992 1007 1193 1256 1591 1619 1645 2260 2547 2598 2673 2855 2975 3025 3224 3295 3455 3587 3590 3640 3647 3671 3740 3750 3788 3789 3806 3809 3882 3943 3956 3957 3971 4019 4026 4028 4032 4067 4080 4191 4237 4257 4295 4331 4533 4642 4645 4695 4811 4813 4843 4853 4858 
Fingerprint object
 name =   
 length =  4860 
 folded =  FALSE 
 source =  CDK 
 bits on =  1 14 20 27 72 98 297 341 401 403 458 466 504 506 582 665 669 677 839 1193 1452 1642 1645 1748 2547 2548 2673 2855 2975 3025 3224 3276 3283 3295 3408 3410 3455 3529 3534 3587 3590 3640 3645 3647 3671 3682 3704 3740 3750 3788 3789 3806 3809 3882 3943 3956 3957 3971 4019 4026 4028 4080 4237 4257 4331 4533 4642 4645 4695 4778 4811 4813 4820 4843 4853 4858 
Fingerprint object
 name =   
 length =  4860 
 folded =  FALSE 
 source =  CDK 
 bits on =  297 341 401 403 458 504 506 647 654 665 677 839 886 992 1153 1193 1256 1591 1645 2547 2598 2673 2855 2975 2977 3025 3224 3295 3455 3587 3590 3640 3647 3671 3740 3750 3788 3789 3806 3809 3882 3943 3956 3957 3971 4019 4026 4028 4080 4081 4191 4237 4257 4295 4331 4533 4642 4645 4695 4811 4813 4843 4853 4858 
Fingerprint object
 name =   
 length =  4860 
 folded =  FALSE 
 source =  CDK 
 bits on =  297 341 401 403 458 504 506 647 654 665 677 839 1193 1256 1450 1638 1645 2547 2598 2673 2855 2975 3025 3161 3224 3295 3455 3587 3590 3611 3640 3647 3671 3740 3750 3788 3789 3806 3809 3882 3943 3956 3957 3971 4019 4026 4028 4080 4237 4257 4331 4501 4533 4642 4645 4695 4811 4813 4843 4853 4858 
Fingerprint object
 name =   
 length =  4860 
 folded =  FALSE 
 source =  CDK 
 bits on =  297 504 557 561 608 631 647 654 669 1193 1256 1450 1638 1642 1724 1798 2260 2262 2264 2314 2547 2598 2673 2781 2855 2886 2975 3025 3161 3224 3328 3331 3455 3611 3750 3773 3787 3788 3789 3790 3800 3806 3882 3901 3926 3948 3955 3956 3957 3959 3966 3971 4032 4067 4080 4283 4286 4295 4320 4326 4328 4329 4331 4501 4533 4591 4680 4695 4811 4828 4843 4853 
Fingerprint object
 name =   
 length =  4860 
 folded =  FALSE 
 source =  CDK 
 bits on =  297 341 444 447 647 654 669 1193 1566 1568 1645 1756 2547 2592 2593 2673 2695 2781 2796 2855 2876 2975 3025 3224 3541 3543 3596 3598 3606 3788 3789 3806 3956 3957 3971 4000 4019 4020 4023 4026 4028 4331 4491 4591 4645 4695 4813 4829 4830 4843 4853 
Fingerprint object
 name =   
 length =  4860 
 folded =  FALSE 
 source =  CDK 
 bits on =  297 467 480 483 486 504 506 577 647 654 669 677 839 886 1193 1256 1591 1621 1645 1756 2547 2598 2667 2673 2703 2781 2796 2855 2876 2975 3025 3224 3295 3455 3541 3543 3591 3596 3598 3750 3773 3788 3789 3806 3882 3926 3928 3932 3942 3948 3956 3957 3971 4000 4019 4020 4023 4026 4028 4080 4191 4237 4287 4295 4331 4491 4533 4591 4645 4695 4811 4813 4843 4853 
Fingerprint object
 name =   
 length =  4860 
 folded =  FALSE 
 source =  CDK 
 bits on =  1 225 297 298 341 344 444 504 557 562 647 665 669 1193 1524 1645 2547 2548 2667 2673 2855 2870 2975 3025 3145 3180 3224 3328 3408 3455 3640 3692 3706 3730 3737 3744 3788 3789 3809 3956 3957 3959 3971 4019 4331 4645 4681 4695 4813 4831 4843 4856 
Fingerprint object
 name =   
 length =  4860 
 folded =  FALSE 
 source =  CDK 
 bits on =  297 466 504 647 654 669 1150 1193 1256 1438 1443 1566 1591 1615 2088 2186 2547 2598 2673 2950 2967 2969 2975 3025 3143 3224 3283 3455 3569 3573 3608 3609 3613 3616 3682 3688 3788 3789 3806 3956 3957 3971 4331 4503 4533 4695 4778 4811 4820 
Fingerprint object
 name =   
 length =  4860 
 folded =  FALSE 
 source =  CDK 
 bits on =  297 504 506 647 677 839 886 1150 1193 1566 1572 1645 2260 2547 2598 2695 2950 2969 2975 3025 3224 3295 3455 3750 3788 3882 3943 3956 4000 4032 4067 4080 4191 4237 4295 4331 4759 4811 
Fingerprint object
 name =   
 length =  4860 
 folded =  FALSE 
 source =  CDK 
 bits on =  1 14 72 126 133 297 341 382 444 466 647 669 1153 1193 1932 2259 2547 2548 2584 2667 2673 2675 2975 2977 2986 3010 3025 3224 3328 3408 3410 3440 3455 3559 3560 3585 3591 3640 3641 3744 3788 3789 3790 3806 3821 3869 3956 3957 3959 3971 4000 4003 4005 4006 4080 4331 4610 4612 4695 4765 4770 4810 
Fingerprint object
 name =   
 length =  4860 
 folded =  FALSE 
 source =  CDK 
 bits on =  1 14 92 297 298 299 307 341 342 401 410 504 506 557 561 647 654 669 677 839 886 1193 1256 2259 2547 2598 2673 2975 3025 3224 3295 3328 3331 3369 3392 3393 3455 3608 3640 3654 3655 3656 3659 3671 3692 3697 3701 3706 3708 3709 3730 3737 3744 3750 3788 3789 3790 3795 3806 3821 3876 3882 3956 3957 3959 3971 4080 4191 4237 4269 4295 4331 4533 4695 4811 
Fingerprint object
 name =   
 length =  4860 
 folded =  FALSE 
 source =  CDK 
 bits on =  1 14 20 27 72 98 297 504 557 608 631 669 1193 1452 1461 1642 1724 1750 1798 2260 2262 2264 2314 2547 2548 2673 2781 2855 2886 2975 3025 3224 3276 3283 3328 3331 3408 3410 3455 3529 3534 3640 3645 3671 3682 3704 3750 3773 3787 3788 3789 3790 3800 3806 3882 3901 3926 3948 3955 3956 3957 3959 3966 3971 4032 4067 4080 4283 4286 4295 4320 4326 4328 4329 4331 4533 4591 4680 4695 4778 4811 4820 4828 4843 4853 
Fingerprint object
 name =   
 length =  4860 
 folded =  FALSE 
 source =  CDK 
 bits on =  297 504 647 654 669 677 839 890 992 995 1193 1256 1263 1438 1445 1591 1619 2260 2547 2598 2673 2975 3025 3224 3283 3295 3455 3586 3587 3590 3682 3750 3788 3789 3806 3882 3943 3956 3957 3971 4032 4064 4067 4080 4237 4257 4331 4533 4642 4645 4695 4778 4811 4813 4820 
Fingerprint object
 name =   
 length =  4860 
 folded =  FALSE 
 source =  CDK 
 bits on =  297 504 551 647 654 669 1193 1256 1452 1471 1484 1564 1642 1750 1798 2015 2260 2547 2598 2673 2975 3025 3168 3181 3224 3283 3455 3548 3682 3788 3789 3806 3956 3957 3971 4032 4059 4067 4331 4533 4695 4778 4811 4820 
Fingerprint object
 name =   
 length =  4860 
 folded =  FALSE 
 source =  CDK 
 bits on =  297 466 504 506 557 561 647 654 669 677 839 886 973 974 1193 1256 1566 1567 1583 2259 2547 2598 2660 2661 2673 2695 2975 3025 3224 3295 3328 3331 3455 3602 3682 3750 3788 3789 3790 3806 3821 3869 3882 3943 3956 3957 3959 3967 3971 4000 4003 4080 4191 4237 4295 4331 4533 4695 4765 4803 4804 4811 4829 
Fingerprint object
 name =   
 length =  4860 
 folded =  FALSE 
 source =  CDK 
 bits on =  297 341 344 346 401 467 492 504 557 561 610 612 647 654 677 790 1139 1144 1145 1193 1256 1645 2262 2265 2415 2547 2598 2673 2781 2855 2975 3025 3156 3224 3295 3328 3331 3332 3455 3542 3543 3596 3640 3647 3648 3671 3682 3692 3693 3701 3704 3710 3733 3735 3740 3741 3742 3750 3751 3752 3756 3757 3765 3767 3773 3775 3777 3778 3781 3782 3786 3787 3788 3789 3790 3800 3806 3882 3884 3889 3899 3914 3926 3928 3932 3942 3948 3955 3956 3957 3959 3966 3971 4080 4191 4237 4283 4286 4295 4320 4326 4328 4329 4331 4411 4533 4538 4558 4591 4680 4695 4811 4826 4828 4843 4853 
Fingerprint object
 name =   
 length =  4860 
 folded =  FALSE 
 source =  CDK 
 bits on =  297 341 344 346 467 492 504 557 582 647 654 669 677 790 1139 1144 1145 1193 1452 1524 1642 1645 2547 2667 2673 2781 2855 2975 3025 3224 3328 3455 3529 3534 3537 3542 3543 3596 3640 3682 3692 3704 3710 3750 3787 3788 3789 3882 3955 3956 3957 3959 3966 3971 4080 4283 4286 4295 4320 4326 4328 4329 4331 4591 4645 4680 4695 4813 4828 4843 4853 
Fingerprint object
 name =   
 length =  4860 
 folded =  FALSE 
 source =  CDK 
 bits on =  1 14 45 92 297 504 506 582 665 669 677 821 822 826 829 839 887 1154 1156 1160 1173 1193 1311 1313 1642 1664 2221 2855 2870 2975 3025 3219 3224 3295 3353 3355 3369 3379 3382 3402 3404 3455 3529 3640 3682 3750 3773 3775 3781 3782 3809 3882 3926 3928 3936 3937 3942 4019 4080 4192 4237 4296 4331 4843 4856 4857 
Fingerprint object
 name =   
 length =  4860 
 folded =  FALSE 
 source =  CDK 
 bits on =  1 14 45 92 297 504 506 582 665 669 677 839 887 908 1146 1193 1405 1642 1664 2221 2855 2870 2975 3025 3219 3224 3295 3379 3382 3455 3529 3640 3682 3750 3773 3779 3781 3809 3882 3926 3928 3933 3942 4019 4080 4192 4193 4197 4237 4296 4331 4843 4856 4857 
Fingerprint object
 name =   
 length =  4860 
 folded =  FALSE 
 source =  CDK 
 bits on =  1 14 17 20 217 297 298 299 300 302 311 341 344 346 368 401 504 669 1148 1193 1524 1645 2547 2667 2673 2855 2856 2949 2975 3025 3145 3150 3180 3224 3268 3408 3455 3640 3643 3646 3671 3692 3701 3706 3709 3712 3718 3739 3788 3809 3956 3957 3971 4019 4331 4408 4645 4695 4813 4843 4856 
Fingerprint object
 name =   
 length =  4860 
 folded =  FALSE 
 source =  CDK 
 bits on =  1 14 16 93 126 133 297 504 506 507 647 654 669 677 678 683 839 886 1193 1256 1566 1568 1645 1652 1756 1758 2547 2598 2600 2673 2675 2975 2986 3010 3025 3224 3295 3328 3331 3415 3440 3455 3528 3529 3574 3596 3682 3750 3773 3775 3778 3781 3782 3786 3788 3789 3790 3806 3882 3926 3928 3932 3942 3948 3956 3957 3959 3971 4080 4191 4237 4287 4295 4331 4533 4610 4612 4695 4810 4811 
Fingerprint object
 name =   
 length =  4860 
 folded =  FALSE 
 source =  CDK 
 bits on =  297 466 605 607 610 621 669 677 839 992 995 1193 1438 1445 1499 1591 1619 2260 2262 2265 2288 2289 2975 3025 3224 3586 3587 3590 3750 3751 3752 3756 3773 3781 3782 3882 3884 3889 3926 3942 3943 4032 4064 4067 4080 4237 4287 4331 
Fingerprint object
 name =   
 length =  4860 
 folded =  FALSE 
 source =  CDK 
 bits on =  297 466 467 480 488 669 677 839 891 1150 1193 1645 1663 1776 2260 2950 2964 2969 2975 3025 3161 3224 3611 3882 3926 3933 3942 3943 4032 4067 4080 4193 4237 4241 4331 
Fingerprint object
 name =   
 length =  4860 
 folded =  FALSE 
 source =  CDK 
 bits on =  1 2 14 97 228 297 669 677 678 683 1139 1144 1145 2781 2855 2975 3058 3224 3369 3396 3402 3407 3640 3659 3661 3676 3692 3706 3733 3736 3740 3743 3750 3787 3882 3916 3955 4080 4320 4328 4329 4331 4843 
Fingerprint object
 name =   
 length =  4860 
 folded =  FALSE 
 source =  CDK 
 bits on =  1 14 20 72 98 297 504 557 647 669 677 839 840 842 1013 1021 1146 1193 1405 1452 1566 1583 1642 2259 2547 2548 2598 2660 2673 2695 2975 3025 3224 3295 3328 3331 3408 3410 3434 3455 3550 3553 3640 3647 3671 3740 3750 3788 3789 3790 3806 3821 3869 3882 3943 3956 3957 3959 3967 3971 4000 4003 4080 4163 4191 4237 4243 4287 4295 4331 4533 4695 4765 4803 4804 4811 4829 
Fingerprint object
 name =   
 length =  4860 
 folded =  FALSE 
 source =  CDK 
 bits on =  297 466 504 506 647 654 669 677 839 886 1013 1021 1193 1256 1452 1500 1642 1937 2262 2264 2265 2306 2308 2547 2598 2673 2975 3025 3161 3224 3295 3455 3550 3553 3611 3619 3620 3750 3788 3789 3806 3882 3884 3889 3926 3942 3943 3956 3957 3971 4080 4163 4191 4237 4243 4287 4295 4331 4501 4533 4653 4695 4811 
Fingerprint object
 name =   
 length =  4860 
 folded =  FALSE 
 source =  CDK 
 bits on =  297 341 344 346 467 492 504 506 557 561 647 654 669 677 790 821 822 826 829 839 886 1139 1144 1145 1154 1156 1160 1173 1193 1256 1311 1313 1645 2547 2598 2673 2781 2855 2975 3025 3224 3295 3328 3331 3353 3355 3369 3402 3404 3455 3542 3543 3596 3640 3682 3692 3704 3710 3750 3773 3775 3778 3781 3782 3786 3787 3788 3789 3790 3800 3806 3882 3926 3928 3932 3936 3937 3942 3948 3955 3956 3957 3959 3966 3971 4080 4191 4237 4283 4286 4295 4320 4326 4328 4329 4331 4533 4591 4680 4695 4811 4828 4843 4853 
Fingerprint object
 name =   
 length =  4860 
 folded =  FALSE 
 source =  CDK 
 bits on =  1 14 45 92 297 341 383 387 390 399 467 480 483 504 506 582 665 669 677 777 839 887 1153 1193 1642 1664 2221 2855 2870 2975 2977 3025 3219 3224 3295 3379 3382 3455 3529 3640 3641 3682 3740 3742 3750 3773 3775 3781 3782 3809 3882 3926 3928 3942 4019 4080 4192 4237 4296 4331 4843 4856 4857 
Fingerprint object
 name =   
 length =  4860 
 folded =  FALSE 
 source =  CDK 
 bits on =  297 504 506 647 669 677 839 886 1014 1150 1193 1566 1572 1645 1652 1776 2547 2598 2695 2950 2964 2969 2975 3025 3224 3295 3455 3573 3602 3750 3788 3882 3943 3956 4000 4080 4191 4237 4241 4295 4331 4759 4811 
Fingerprint object
 name =   
 length =  4860 
 folded =  FALSE 
 source =  CDK 
 bits on =  297 467 480 483 486 504 506 647 669 677 790 791 839 886 1000 1150 1193 1240 1566 1572 1592 1610 2547 2598 2695 2950 2969 2975 3025 3224 3295 3302 3455 3587 3590 3596 3602 3750 3773 3775 3778 3781 3782 3783 3785 3786 3788 3882 3926 3928 3932 3942 3943 3945 3948 3956 4000 4080 4191 4237 4281 4286 4294 4295 4331 4531 4759 4811 
Fingerprint object
 name =   
 length =  4860 
 folded =  FALSE 
 source =  CDK 
 bits on =  297 504 554 567 608 610 612 630 647 669 1150 1193 1566 1572 2262 2264 2265 2308 2547 2598 2658 2695 2950 2969 2975 3025 3224 3295 3455 3595 3750 3751 3773 3788 3882 3884 3889 3926 3928 3932 3942 3948 3956 4000 4080 4191 4237 4287 4295 4331 4759 4811 
Fingerprint object
 name =   
 length =  4860 
 folded =  FALSE 
 source =  CDK 
 bits on =  1 14 16 45 92 216 297 298 341 344 504 506 582 665 669 677 678 753 839 887 1193 1642 1664 2221 2855 2870 2975 3025 3149 3219 3224 3295 3379 3382 3402 3404 3455 3529 3640 3661 3662 3682 3692 3706 3729 3733 3735 3740 3742 3750 3773 3775 3781 3782 3809 3882 3926 3928 3937 3942 4019 4080 4192 4237 4261 4296 4331 4843 4856 4857 
Fingerprint object
 name =   
 length =  4860 
 folded =  FALSE 
 source =  CDK 
 bits on =  1 68 234 297 298 341 453 457 458 504 647 663 665 1193 1564 1926 1987 2259 2262 2265 2267 2547 2598 2781 2855 2975 3025 3224 3295 3402 3404 3455 3640 3661 3662 3692 3739 3740 3742 3750 3773 3775 3778 3781 3782 3786 3788 3809 3814 3815 3816 3820 3821 3866 3869 3882 3892 3926 3928 3932 3937 3942 3943 3948 3956 4000 4019 4023 4080 4191 4237 4295 4296 4331 4606 4811 4843 
Fingerprint object
 name =   
 length =  4860 
 folded =  FALSE 
 source =  CDK 
 bits on =  297 504 506 647 669 677 839 886 1013 1021 1193 1452 1500 1642 1926 1987 2259 2262 2264 2265 2306 2308 2547 2598 2975 3025 3224 3295 3455 3550 3553 3750 3788 3821 3866 3869 3882 3884 3889 3926 3942 3943 3956 4000 4080 4163 4191 4237 4243 4287 4295 4331 4811 
Fingerprint object
 name =   
 length =  4860 
 folded =  FALSE 
 source =  CDK 
 bits on =  1 14 20 72 98 669 677 839 840 842 890 1013 1037 1193 1263 1642 1645 1756 2547 2548 2673 2781 2796 2855 2876 2975 3025 3224 3295 3408 3410 3434 3455 3541 3543 3596 3598 3640 3647 3671 3740 3750 3788 3789 3806 3882 3943 3956 3957 3971 4019 4020 4023 4026 4028 4080 4191 4237 4295 4331 4491 4533 4591 4645 4695 4811 4813 4843 4853 
Fingerprint object
 name =   
 length =  4860 
 folded =  FALSE 
 source =  CDK 
 bits on =  1 225 297 298 341 344 444 504 554 647 665 669 1193 1500 1524 1645 2262 2264 2265 2306 2308 2547 2548 2667 2673 2855 2870 2975 3025 3145 3180 3224 3295 3408 3455 3640 3692 3706 3730 3737 3744 3750 3751 3773 3788 3789 3809 3882 3884 3889 3926 3928 3942 3956 3957 3971 4019 4080 4192 4237 4296 4331 4645 4695 4813 4843 4856 
Fingerprint object
 name =   
 length =  4860 
 folded =  FALSE 
 source =  CDK 
 bits on =  126 133 297 504 506 647 654 669 672 677 839 886 1147 1193 1256 1566 1568 1646 2380 2547 2598 2673 2675 2934 2940 2975 2986 3010 3025 3224 3295 3328 3331 3440 3455 3536 3550 3580 3587 3590 3596 3602 3750 3788 3789 3790 3806 3882 3943 3956 3957 3959 3971 4080 4117 4191 4237 4265 4295 4331 4533 4610 4612 4695 4810 4811 4833 
Fingerprint object
 name =   
 length =  4860 
 folded =  FALSE 
 source =  CDK 
 bits on =  1 14 16 34 93 126 133 297 504 506 507 647 654 669 677 678 683 839 886 1150 1193 1256 1566 1568 1572 2547 2598 2600 2673 2675 2950 2969 2975 2986 3010 3025 3224 3295 3328 3331 3415 3440 3455 3595 3596 3682 3750 3773 3775 3778 3781 3782 3786 3788 3789 3790 3806 3882 3926 3928 3932 3942 3948 3956 3957 3959 3971 4080 4191 4237 4287 4295 4331 4533 4610 4612 4695 4810 4811 
Fingerprint object
 name =   
 length =  4860 
 folded =  FALSE 
 source =  CDK 
 bits on =  1 2 14 16 212 297 298 299 341 344 346 504 506 647 654 669 677 678 839 886 1193 1256 1645 1756 2547 2598 2673 2781 2796 2855 2876 2975 3025 3150 3224 3295 3369 3396 3398 3402 3404 3455 3541 3543 3593 3596 3598 3640 3659 3660 3661 3662 3692 3706 3712 3719 3726 3729 3733 3735 3740 3742 3750 3773 3775 3778 3781 3782 3786 3788 3789 3806 3882 3926 3928 3932 3937 3942 3948 3956 3957 3971 4019 4020 4023 4026 4028 4080 4191 4237 4264 4295 4331 4491 4533 4552 4591 4645 4695 4811 4813 4843 4853 
Fingerprint object
 name =   
 length =  4860 
 folded =  FALSE 
 source =  CDK 
 bits on =  297 504 551 647 654 669 677 839 890 1013 1021 1193 1256 1263 1452 1642 1645 1756 2547 2598 2673 2781 2796 2855 2876 2975 3025 3224 3280 3283 3295 3455 3541 3543 3550 3553 3596 3598 3682 3750 3788 3789 3806 3882 3943 3956 3957 3971 4019 4020 4023 4026 4028 4080 4237 4243 4331 4491 4533 4591 4645 4695 4778 4811 4813 4820 4843 4853 
Fingerprint object
 name =   
 length =  4860 
 folded =  FALSE 
 source =  CDK 
 bits on =  1 20 218 297 298 302 341 344 346 504 610 612 647 654 1146 1148 1193 1256 1405 1566 1646 1826 2262 2265 2547 2598 2673 2949 2975 3025 3139 3157 3224 3295 3302 3402 3404 3418 3455 3568 3606 3640 3647 3661 3662 3671 3692 3693 3701 3706 3707 3709 3712 3713 3718 3726 3729 3733 3735 3740 3741 3742 3750 3751 3752 3753 3756 3757 3758 3760 3763 3765 3773 3775 3778 3781 3782 3783 3785 3786 3788 3789 3806 3882 3884 3889 3893 3894 3899 3915 3926 3928 3932 3937 3942 3945 3948 3956 3957 3971 4080 4191 4237 4281 4286 4294 4295 4331 4489 4531 4533 4539 4645 4650 4695 4755 4763 4811 4813 
Fingerprint object
 name =   
 length =  4860 
 folded =  FALSE 
 source =  CDK 
 bits on =  1 20 297 298 302 303 466 669 677 839 840 1193 1642 1822 1948 2547 2548 2711 2855 2876 2886 2975 3025 3182 3224 3295 3408 3434 3455 3640 3647 3671 3692 3693 3701 3733 3740 3744 3750 3788 3882 3956 4000 4019 4027 4028 4080 4191 4237 4295 4331 4811 4843 4853 
Fingerprint object
 name =   
 length =  4860 
 folded =  FALSE 
 source =  CDK 
 bits on =  297 466 647 654 669 672 677 839 973 983 1147 1193 1427 1520 1566 1645 2380 2547 2595 2673 2855 2876 2934 2937 2975 3025 3224 3594 3602 3788 3789 3806 3882 3943 3956 3957 3971 4019 4028 4080 4117 4170 4237 4266 4287 4331 4645 4649 4695 4813 4833 4843 4853 
Fingerprint object
 name =   
 length =  4860 
 folded =  FALSE 
 source =  CDK 
 bits on =  297 341 401 403 504 506 610 611 677 839 1013 1049 1193 1228 1564 1642 1798 2260 2262 2265 2975 3013 3022 3025 3047 3224 3255 3295 3303 3304 3305 3321 3443 3444 3446 3450 3455 3640 3647 3648 3651 3652 3669 3671 3682 3692 3693 3701 3704 3733 3740 3742 3750 3773 3775 3777 3781 3782 3882 3926 3928 3942 3943 3949 3950 4032 4062 4067 4080 4113 4237 4252 4301 4302 4317 4331 4519 4571 
Fingerprint object
 name =   
 length =  4860 
 folded =  FALSE 
 source =  CDK 
 bits on =  1 16 228 297 672 677 678 754 839 992 995 1147 1193 1438 1591 1645 1648 1787 1789 2259 2380 2928 2934 2937 2975 3025 3058 3224 3402 3404 3546 3587 3590 3594 3602 3640 3740 3742 3750 3773 3781 3821 3844 3869 3882 3926 3937 3942 3943 4080 4117 4159 4170 4237 4259 4287 4331 4833 
Fingerprint object
 name =   
 length =  4860 
 folded =  FALSE 
 source =  CDK 
 bits on =  297 466 504 506 610 669 677 821 822 823 825 826 839 1154 1155 1156 1159 1160 1169 1193 1311 1642 1811 2262 2265 2547 2667 2711 2975 3025 3224 3295 3302 3353 3355 3369 3381 3382 3402 3404 3415 3418 3455 3560 3640 3647 3648 3659 3661 3662 3671 3681 3682 3692 3693 3701 3703 3704 3733 3735 3740 3741 3742 3750 3751 3752 3753 3756 3773 3775 3777 3779 3781 3782 3783 3785 3882 3884 3887 3889 3893 3894 3926 3928 3933 3936 3937 3942 3945 3956 4000 4080 4193 4197 4237 4281 4286 4287 4294 4331 4516 4531 
Fingerprint object
 name =   
 length =  4860 
 folded =  FALSE 
 source =  CDK 
 bits on =  1 297 298 341 467 492 677 758 1139 1144 1145 1153 1645 1654 2259 2781 2855 2975 2977 3121 3224 3369 3396 3542 3543 3599 3640 3659 3692 3706 3729 3733 3736 3740 3743 3750 3787 3821 3869 3882 3955 4080 4081 4320 4326 4328 4329 4331 4591 4843 4853 
Fingerprint object
 name =   
 length =  4860 
 folded =  FALSE 
 source =  CDK 
 bits on =  1 14 16 91 93 297 298 299 309 466 504 506 507 647 654 669 677 678 683 703 839 886 1193 1256 1271 1642 1663 1786 2259 2547 2598 2600 2673 2975 3025 3161 3197 3224 3295 3402 3404 3455 3611 3640 3661 3662 3692 3740 3742 3750 3773 3775 3778 3781 3782 3786 3788 3789 3806 3821 3869 3882 3926 3928 3932 3937 3942 3948 3956 3957 3971 4080 4191 4237 4295 4331 4501 4533 4653 4695 4811 
Fingerprint object
 name =   
 length =  4860 
 folded =  FALSE 
 source =  CDK 
 bits on =  1 14 16 57 93 297 504 506 507 647 669 677 678 683 839 886 1150 1193 1566 1572 1645 1895 2547 2598 2600 2695 2712 2760 2950 2969 2975 3025 3222 3224 3295 3415 3455 3559 3560 3572 3591 3680 3681 3682 3750 3773 3775 3778 3781 3782 3786 3788 3882 3926 3928 3932 3942 3948 3956 4000 4005 4080 4191 4237 4287 4295 4331 4759 4770 4811 
Fingerprint object
 name =   
 length =  4860 
 folded =  FALSE 
 source =  CDK 
 bits on =  297 341 504 605 610 612 613 621 647 654 669 1193 1256 1263 1642 1663 1786 2259 2262 2265 2428 2433 2547 2598 2673 2975 3025 3161 3179 3197 3224 3295 3455 3611 3750 3751 3752 3756 3757 3763 3764 3765 3773 3775 3778 3781 3782 3786 3788 3789 3806 3821 3869 3882 3884 3889 3899 3921 3926 3928 3932 3942 3948 3956 3957 3971 4080 4191 4237 4294 4295 4331 4501 4533 4541 4557 4653 4695 4811 
Fingerprint object
 name =   
 length =  4860 
 folded =  FALSE 
 source =  CDK 
 bits on =  1 14 16 93 297 504 506 507 647 669 677 678 683 839 886 1150 1193 1566 1572 1591 1616 2259 2547 2598 2600 2695 2950 2969 2975 3025 3224 3295 3415 3455 3585 3682 3750 3773 3775 3778 3781 3782 3786 3788 3821 3869 3882 3926 3928 3932 3942 3948 3956 4000 4080 4191 4237 4287 4295 4331 4759 4811 
Fingerprint object
 name =   
 length =  4860 
 folded =  FALSE 
 source =  CDK 
 bits on =  1 14 16 20 72 98 214 297 298 341 344 346 401 403 458 504 506 665 669 677 678 752 839 840 842 891 900 1193 1645 2547 2548 2673 2855 2975 3025 3150 3224 3295 3402 3404 3408 3410 3434 3455 3587 3590 3640 3647 3648 3661 3662 3671 3692 3706 3712 3726 3729 3733 3735 3740 3742 3750 3773 3779 3781 3788 3789 3806 3809 3882 3926 3928 3932 3933 3937 3942 3943 3946 3948 3956 3957 3971 4019 4026 4028 4080 4191 4193 4197 4237 4257 4264 4295 4331 4533 4552 4558 4642 4645 4695 4811 4813 4826 4843 4853 4858 
Fingerprint object
 name =   
 length =  4860 
 folded =  FALSE 
 source =  CDK 
 bits on =  297 341 444 447 647 654 669 1193 1591 1609 1645 1756 2547 2592 2593 2673 2703 2707 2781 2796 2855 2876 2975 3025 3224 3541 3543 3591 3596 3598 3788 3789 3806 3956 3957 3971 4000 4019 4020 4023 4026 4028 4331 4491 4591 4645 4695 4813 4829 4830 4843 4853 
Fingerprint object
 name =   
 length =  4860 
 folded =  FALSE 
 source =  CDK 
 bits on =  126 133 297 466 504 506 647 654 669 677 839 886 992 1193 1256 1566 1568 1591 1607 2547 2598 2673 2675 2975 2986 3010 3025 3224 3295 3328 3331 3440 3455 3587 3590 3596 3682 3750 3788 3789 3790 3806 3882 3943 3956 3957 3959 3971 4080 4191 4237 4295 4331 4533 4610 4612 4695 4810 4811 
Fingerprint object
 name =   
 length =  4860 
 folded =  FALSE 
 source =  CDK 
 bits on =  297 466 504 506 647 663 665 669 677 839 887 973 989 1193 1566 2547 2595 2695 2697 2781 2796 2855 2870 2876 2975 3025 3224 3295 3455 3750 3788 3809 3814 3815 3816 3882 3943 3956 4000 4019 4023 4080 4192 4237 4268 4296 4331 4769 4843 4856 
Fingerprint object
 name =   
 length =  4860 
 folded =  FALSE 
 source =  CDK 
 bits on =  297 341 444 447 466 647 654 669 1193 1566 1592 2088 2101 2186 2259 2547 2592 2593 2673 2975 3025 3143 3224 3569 3608 3609 3613 3616 3688 3788 3789 3806 3821 3866 3869 3956 3957 3971 4000 4003 4331 4503 4695 4765 4829 4830 
Fingerprint object
 name =   
 length =  4860 
 folded =  FALSE 
 source =  CDK 
 bits on =  1 2 14 16 92 93 297 504 506 507 647 654 669 677 678 679 683 839 886 1193 1256 1484 1564 1642 1750 2015 2547 2598 2600 2673 2975 3025 3168 3181 3224 3295 3369 3396 3398 3402 3404 3455 3640 3659 3661 3662 3692 3740 3742 3750 3773 3775 3778 3781 3782 3786 3788 3789 3806 3882 3926 3928 3932 3937 3942 3948 3956 3957 3971 4080 4191 4237 4295 4331 4533 4695 4811 
Fingerprint object
 name =   
 length =  4860 
 folded =  FALSE 
 source =  CDK 
 bits on =  297 341 344 346 383 387 394 467 480 488 504 506 647 677 839 886 891 900 901 1150 1193 1566 1572 2043 2547 2598 2695 2950 2969 2975 2986 3025 3120 3150 3224 3295 3440 3455 3593 3640 3668 3692 3706 3712 3719 3722 3726 3729 3733 3735 3740 3742 3750 3773 3779 3781 3788 3882 3926 3928 3932 3933 3942 3948 3956 4000 4080 4191 4193 4197 4237 4295 4331 4759 4811 4826 
Fingerprint object
 name =   
 length =  4860 
 folded =  FALSE 
 source =  CDK 
 bits on =  1 14 18 92 297 504 506 647 669 677 821 822 839 886 1150 1153 1154 1156 1193 1311 1566 1572 2547 2598 2695 2950 2969 2975 2977 3025 3224 3295 3353 3355 3369 3396 3398 3402 3404 3455 3640 3641 3659 3661 3662 3692 3740 3742 3750 3773 3775 3778 3781 3782 3786 3788 3882 3926 3928 3932 3936 3937 3942 3948 3956 4000 4080 4191 4237 4295 4331 4759 4811 
Fingerprint object
 name =   
 length =  4860 
 folded =  FALSE 
 source =  CDK 
 bits on =  297 341 344 346 504 506 665 677 821 823 839 887 967 1124 1154 1193 1538 1592 2101 2259 2262 2265 2474 2855 2870 2975 3025 3150 3224 3295 3303 3325 3353 3355 3369 3375 3396 3398 3402 3404 3418 3455 3593 3640 3647 3648 3651 3653 3659 3660 3661 3662 3671 3692 3693 3701 3706 3707 3709 3712 3713 3717 3718 3719 3721 3726 3729 3733 3735 3740 3742 3750 3773 3779 3781 3809 3821 3866 3869 3882 3926 3928 3933 3936 3937 3942 3945 3949 3953 4019 4028 4080 4169 4192 4193 4197 4201 4237 4264 4281 4286 4294 4296 4301 4315 4317 4331 4433 4495 4531 4552 4579 4843 4853 4856 
Fingerprint object
 name =   
 length =  4860 
 folded =  FALSE 
 source =  CDK 
 bits on =  297 341 401 403 458 466 504 506 647 654 659 665 669 677 839 886 924 931 1193 1256 1520 1645 2547 2595 2598 2606 2673 2855 2975 3025 3224 3295 3455 3587 3590 3640 3647 3671 3740 3750 3773 3781 3788 3789 3803 3806 3809 3882 3926 3928 3932 3934 3942 3943 3948 3956 3957 3968 3971 4019 4026 4028 4080 4191 4205 4237 4257 4295 4331 4533 4558 4642 4645 4695 4779 4811 4813 4826 4843 4853 4858 
Fingerprint object
 name =   
 length =  4860 
 folded =  FALSE 
 source =  CDK 
 bits on =  297 341 401 403 504 506 669 677 839 1193 1592 1631 1634 2975 3025 3143 3145 3180 3224 3295 3455 3640 3647 3671 3740 3750 3882 3943 4080 4237 4331 
Fingerprint object
 name =   
 length =  4860 
 folded =  FALSE 
 source =  CDK 
 bits on =  297 341 444 504 605 610 612 621 647 648 654 1193 1256 1506 1642 1663 1786 2259 2262 2265 2448 2547 2598 2673 2975 3025 3161 3191 3197 3224 3295 3297 3455 3611 3750 3751 3752 3756 3757 3765 3767 3772 3773 3775 3778 3781 3782 3786 3788 3789 3806 3821 3869 3882 3884 3889 3899 3905 3922 3926 3928 3932 3942 3948 3956 3957 3971 4080 4191 4237 4295 4331 4501 4533 4542 4653 4695 4811 4826 4827 
Fingerprint object
 name =   
 length =  4860 
 folded =  FALSE 
 source =  CDK 
 bits on =  1 16 126 133 228 297 341 382 444 466 504 506 647 654 669 677 678 754 839 886 1193 1256 1932 2259 2547 2584 2598 2667 2673 2675 2975 2986 3010 3025 3058 3224 3295 3328 3331 3402 3404 3440 3455 3559 3560 3585 3591 3640 3740 3742 3744 3750 3773 3775 3778 3781 3782 3786 3788 3789 3790 3806 3821 3869 3882 3926 3928 3932 3937 3942 3948 3956 3957 3959 3971 4000 4003 4005 4006 4080 4191 4237 4295 4331 4533 4610 4612 4695 4765 4770 4810 4811 
Fingerprint object
 name =   
 length =  4860 
 folded =  FALSE 
 source =  CDK 
 bits on =  1 14 20 72 92 98 297 298 299 307 341 342 401 410 504 557 669 677 839 840 842 1013 1021 1146 1193 1405 1452 1642 2547 2548 2673 2975 3025 3224 3295 3328 3331 3369 3392 3393 3408 3410 3434 3455 3550 3553 3640 3647 3654 3655 3656 3659 3671 3692 3697 3701 3706 3708 3709 3730 3737 3740 3744 3750 3788 3789 3790 3795 3806 3882 3943 3956 3957 3959 3971 4080 4163 4191 4237 4243 4287 4295 4331 4533 4695 4811 
Fingerprint object
 name =   
 length =  4860 
 folded =  FALSE 
 source =  CDK 
 bits on =  297 466 504 506 605 607 610 621 647 669 677 839 886 1013 1021 1193 1452 1499 1642 1926 1987 2259 2262 2265 2288 2289 2547 2598 2975 3025 3224 3295 3455 3550 3553 3750 3751 3752 3756 3773 3781 3782 3788 3821 3866 3869 3882 3884 3889 3926 3942 3943 3956 4000 4080 4163 4191 4237 4243 4287 4295 4331 4811 
Fingerprint object
 name =   
 length =  4860 
 folded =  FALSE 
 source =  CDK 
 bits on =  297 341 401 403 458 504 506 647 654 665 677 839 1193 1566 1645 2547 2673 2855 2975 3025 3224 3295 3455 3587 3590 3640 3647 3671 3740 3750 3809 3882 3943 3956 3957 3971 4019 4026 4028 4080 4237 4257 4331 4642 4645 4695 4813 4843 4853 4858 
Fingerprint object
 name =   
 length =  4860 
 folded =  FALSE 
 source =  CDK 
 bits on =  1 14 16 34 93 126 133 297 504 506 507 647 654 669 677 678 683 839 886 1150 1193 1256 1566 1568 1572 2547 2598 2600 2673 2675 2950 2969 2975 2986 3010 3025 3224 3295 3328 3331 3415 3440 3455 3595 3596 3682 3750 3773 3775 3778 3781 3782 3786 3788 3789 3790 3806 3882 3926 3928 3932 3942 3948 3956 3957 3959 3971 4080 4191 4237 4287 4295 4331 4533 4610 4612 4695 4810 4811 
Fingerprint object
 name =   
 length =  4860 
 folded =  FALSE 
 source =  CDK 
 bits on =  1 20 297 298 302 504 506 605 669 677 839 1146 1193 1405 1566 1645 1756 1787 2259 2262 2975 3025 3081 3224 3295 3402 3405 3455 3546 3596 3602 3640 3647 3671 3682 3704 3740 3750 3751 3752 3753 3773 3782 3783 3785 3821 3867 3869 3882 3884 3893 3894 3926 3937 3943 3945 4080 4237 4259 4281 4286 4287 4294 4331 4521 
Fingerprint object
 name =   
 length =  4860 
 folded =  FALSE 
 source =  CDK 
 bits on =  297 504 647 1150 1193 1566 1572 1645 1895 2547 2598 2695 2712 2950 2969 2975 3025 3222 3224 3281 3283 3455 3559 3560 3572 3591 3680 3681 3682 3788 3956 4000 4005 4331 4717 4718 4747 4759 4770 4778 4811 4820 
Fingerprint object
 name =   
 length =  4860 
 folded =  FALSE 
 source =  CDK 
 bits on =  297 466 504 506 647 654 669 677 839 886 1193 1256 1645 1816 1937 2547 2598 2667 2673 2712 2714 2975 3025 3161 3224 3295 3455 3611 3619 3620 3750 3788 3789 3806 3882 3943 3956 3957 3971 4000 4005 4006 4080 4191 4237 4254 4260 4295 4331 4501 4533 4653 4695 4735 4751 4770 4811 
Fingerprint object
 name =   
 length =  4860 
 folded =  FALSE 
 source =  CDK 
 bits on =  297 341 383 387 390 467 480 483 504 506 610 665 669 677 839 887 1154 1156 1160 1173 1193 1642 1672 1673 2262 2265 2473 2855 2870 2886 2975 3025 3224 3295 3349 3369 3382 3455 3640 3682 3750 3751 3752 3773 3775 3781 3782 3809 3816 3819 3882 3884 3889 3926 3928 3942 4019 4026 4028 4080 4192 4224 4237 4238 4294 4296 4331 4424 4545 4557 4843 4853 4856 
Fingerprint object
 name =   
 length =  4860 
 folded =  FALSE 
 source =  CDK 
 bits on =  297 341 344 346 383 387 390 392 467 480 483 486 504 506 647 677 839 886 1150 1193 1566 1572 2043 2547 2598 2695 2950 2969 2975 2986 3025 3120 3150 3224 3295 3440 3455 3593 3640 3668 3692 3706 3712 3719 3722 3726 3729 3733 3735 3740 3742 3750 3773 3775 3778 3781 3782 3786 3788 3882 3926 3928 3932 3942 3948 3956 4000 4080 4191 4237 4295 4331 4759 4811 
Fingerprint object
 name =   
 length =  4860 
 folded =  FALSE 
 source =  CDK 
 bits on =  1 14 20 72 98 297 341 344 346 467 492 504 557 669 677 790 839 840 842 972 1139 1144 1145 1193 1315 1564 1645 2547 2548 2673 2781 2855 2975 3025 3224 3295 3328 3331 3408 3410 3434 3455 3542 3543 3596 3640 3647 3671 3682 3692 3704 3710 3740 3750 3787 3788 3789 3790 3800 3806 3882 3943 3955 3956 3957 3959 3966 3971 4080 4191 4237 4283 4286 4295 4320 4326 4328 4329 4331 4533 4591 4680 4695 4811 4828 4843 4853 
Fingerprint object
 name =   
 length =  4860 
 folded =  FALSE 
 source =  CDK 
 bits on =  1 16 228 297 504 506 647 677 678 754 839 886 1150 1193 1566 1572 2547 2598 2695 2950 2969 2975 3025 3058 3224 3295 3402 3404 3455 3640 3740 3742 3750 3773 3775 3778 3781 3782 3786 3788 3882 3926 3928 3932 3937 3942 3948 3956 4000 4080 4191 4237 4295 4331 4759 4811 
Fingerprint object
 name =   
 length =  4860 
 folded =  FALSE 
 source =  CDK 
 bits on =  1 14 20 72 98 297 466 582 669 677 839 840 842 1013 1193 1642 1645 1748 1756 2547 2548 2673 2781 2796 2855 2876 2975 3025 3224 3295 3408 3410 3434 3455 3541 3543 3550 3553 3596 3598 3640 3647 3671 3682 3740 3750 3788 3789 3806 3882 3943 3956 3957 3971 4019 4020 4023 4026 4028 4080 4191 4237 4295 4331 4491 4533 4591 4645 4695 4811 4813 4843 4853 
Fingerprint object
 name =   
 length =  4860 
 folded =  FALSE 
 source =  CDK 
 bits on =  1 20 297 677 839 840 992 995 1146 1154 1165 1193 1405 1438 1591 2259 2975 3025 3058 3224 3295 3369 3375 3396 3455 3587 3590 3640 3647 3671 3692 3693 3701 3732 3733 3740 3749 3750 3821 3881 3882 3943 4080 4237 4287 4331 4479 
Fingerprint object
 name =   
 length =  4860 
 folded =  FALSE 
 source =  CDK 
 bits on =  1 14 20 73 98 297 663 665 669 677 810 839 840 842 1193 1299 1638 2781 2855 2856 2975 3025 3161 3224 3295 3455 3640 3647 3648 3671 3740 3750 3773 3809 3814 3815 3816 3882 3926 3928 3942 4019 4023 4080 4192 4237 4296 4331 4843 4856 
Fingerprint object
 name =   
 length =  4860 
 folded =  FALSE 
 source =  CDK 
 bits on =  297 341 401 403 458 504 506 647 654 665 677 839 1193 1256 1645 1895 2547 2598 2673 2712 2855 2975 3025 3222 3224 3281 3283 3295 3455 3559 3560 3572 3587 3590 3591 3640 3647 3671 3680 3681 3682 3740 3750 3788 3789 3806 3809 3882 3943 3956 3957 3971 4000 4005 4019 4026 4028 4080 4237 4257 4331 4533 4642 4645 4695 4717 4718 4747 4770 4778 4811 4813 4820 4843 4853 4858 
Fingerprint object
 name =   
 length =  4860 
 folded =  FALSE 
 source =  CDK 
 bits on =  1 14 16 20 72 92 98 214 297 298 299 307 341 342 344 346 401 410 504 557 669 677 678 752 839 840 842 891 900 1193 2547 2548 2673 2975 3025 3150 3224 3295 3328 3331 3332 3369 3392 3393 3402 3404 3408 3410 3434 3455 3640 3647 3648 3654 3655 3656 3659 3661 3662 3671 3692 3697 3701 3706 3708 3709 3712 3726 3729 3730 3733 3735 3737 3740 3742 3744 3750 3773 3779 3781 3788 3789 3790 3795 3806 3882 3926 3928 3932 3933 3937 3942 3946 3948 3956 3957 3959 3971 4080 4191 4193 4197 4237 4264 4295 4331 4533 4552 4558 4695 4811 4826 
Fingerprint object
 name =   
 length =  4860 
 folded =  FALSE 
 source =  CDK 
 bits on =  297 341 383 467 480 504 610 612 647 654 669 677 839 1193 1256 1645 1756 2262 2265 2547 2598 2673 2781 2796 2855 2876 2975 3025 3224 3295 3455 3541 3543 3596 3598 3750 3751 3752 3756 3767 3773 3775 3778 3779 3781 3782 3786 3788 3789 3806 3882 3884 3887 3889 3899 3926 3928 3932 3933 3942 3948 3956 3957 3971 4019 4020 4023 4026 4028 4080 4191 4193 4197 4237 4294 4295 4331 4491 4533 4557 4558 4591 4645 4695 4811 4813 4826 4843 4853 
Fingerprint object
 name =   
 length =  4860 
 folded =  FALSE 
 source =  CDK 
 bits on =  1 14 20 98 225 297 298 341 344 444 647 669 1193 1524 1645 2547 2548 2667 2673 2855 2856 2975 3025 3145 3180 3224 3328 3408 3455 3640 3654 3655 3671 3692 3706 3730 3737 3744 3788 3789 3809 3956 3957 3959 3971 4019 4331 4645 4681 4695 4813 4831 4843 4856 
Fingerprint object
 name =   
 length =  4860 
 folded =  FALSE 
 source =  CDK 
 bits on =  1 14 20 72 98 297 341 344 504 557 605 608 610 621 631 669 1193 1504 1642 1724 1798 2260 2262 2264 2265 2314 2414 2547 2548 2673 2781 2855 2886 2975 3025 3156 3224 3295 3328 3331 3408 3410 3434 3435 3455 3640 3647 3648 3671 3692 3733 3735 3740 3741 3742 3750 3751 3752 3756 3757 3759 3765 3773 3775 3777 3778 3781 3782 3786 3787 3788 3789 3790 3800 3806 3882 3884 3889 3899 3901 3914 3926 3928 3932 3942 3946 3948 3955 3956 3957 3959 3966 3971 4032 4067 4080 4191 4237 4283 4286 4295 4320 4326 4328 4329 4331 4533 4538 4591 4680 4695 4811 4828 4843 4853 
Fingerprint object
 name =   
 length =  4860 
 folded =  FALSE 
 source =  CDK 
 bits on =  1 14 20 72 98 297 504 557 647 669 672 677 839 840 842 973 976 1147 1193 1566 1569 1583 2259 2380 2547 2548 2598 2660 2673 2695 2934 2940 2975 3025 3224 3295 3328 3331 3408 3410 3434 3455 3640 3647 3671 3740 3750 3788 3789 3790 3806 3821 3869 3882 3943 3956 3957 3959 3967 3971 4000 4003 4080 4117 4191 4237 4265 4295 4331 4533 4695 4765 4803 4804 4811 4829 4833 
Fingerprint object
 name =   
 length =  4860 
 folded =  FALSE 
 source =  CDK 
 bits on =  297 466 467 480 488 504 506 665 669 677 788 839 887 891 900 1193 1294 1592 2101 2259 2855 2870 2975 3025 3224 3295 3455 3750 3773 3779 3781 3809 3821 3866 3869 3882 3926 3928 3933 3942 4019 4028 4080 4192 4193 4197 4237 4296 4331 4843 4853 4856 
Fingerprint object
 name =   
 length =  4860 
 folded =  FALSE 
 source =  CDK 
 bits on =  297 466 467 480 488 669 677 839 891 992 1003 1150 1193 1591 1615 1663 2950 2969 2975 3025 3161 3224 3611 3882 3926 3933 3942 3943 4080 4193 4237 4331 
Fingerprint object
 name =   
 length =  4860 
 folded =  FALSE 
 source =  CDK 
 bits on =  1 14 20 72 98 297 341 401 403 458 467 480 504 506 580 665 669 677 804 839 840 842 1193 1637 1645 2547 2548 2673 2855 2975 3025 3159 3224 3295 3408 3410 3434 3455 3587 3590 3610 3640 3647 3648 3671 3740 3750 3773 3788 3789 3806 3809 3882 3926 3928 3932 3942 3943 3946 3948 3956 3957 3971 4019 4026 4028 4080 4191 4237 4257 4288 4295 4331 4533 4642 4645 4695 4811 4813 4843 4853 4858 
Fingerprint object
 name =   
 length =  4860 
 folded =  FALSE 
 source =  CDK 
 bits on =  1 14 20 98 669 677 839 840 842 1013 1024 1146 1154 1156 1160 1173 1193 1318 1642 1672 1673 1724 1725 2781 2815 2855 2856 2886 2975 3025 3224 3295 3349 3369 3382 3455 3640 3647 3671 3682 3740 3750 3809 3882 3943 4019 4026 4028 4080 4192 4237 4246 4247 4296 4320 4326 4328 4329 4331 4547 4591 4843 4853 4856 
Fingerprint object
 name =   
 length =  4860 
 folded =  FALSE 
 source =  CDK 
 bits on =  297 504 506 647 669 677 839 886 891 900 901 1014 1031 1150 1193 1566 1572 1645 1652 1751 2547 2598 2695 2950 2969 2975 3025 3224 3295 3455 3550 3553 3574 3602 3750 3773 3779 3781 3788 3882 3926 3928 3932 3933 3942 3943 3948 3956 4000 4080 4191 4193 4197 4237 4295 4331 4759 4811 4826 
Fingerprint object
 name =   
 length =  4860 
 folded =  FALSE 
 source =  CDK 
 bits on =  297 467 480 483 486 504 506 593 647 669 677 839 886 1150 1193 1566 1572 1645 1816 2547 2598 2667 2695 2712 2714 2950 2969 2975 3025 3224 3295 3455 3559 3560 3591 3750 3773 3788 3882 3926 3928 3932 3942 3948 3956 4000 4005 4006 4080 4191 4237 4287 4295 4331 4759 4770 4811 
Fingerprint object
 name =   
 length =  4860 
 folded =  FALSE 
 source =  CDK 
 bits on =  297 341 344 346 466 467 480 488 492 504 506 557 561 647 654 669 677 788 790 839 886 891 900 901 1139 1144 1145 1193 1256 1294 1645 2547 2598 2673 2781 2855 2975 3025 3224 3295 3328 3331 3332 3455 3542 3543 3596 3640 3682 3692 3704 3710 3750 3773 3779 3781 3787 3788 3789 3790 3800 3806 3882 3926 3928 3932 3933 3942 3948 3955 3956 3957 3959 3966 3971 4080 4191 4193 4197 4237 4283 4286 4295 4320 4326 4328 4329 4331 4533 4558 4591 4680 4695 4811 4826 4828 4843 4853 
Fingerprint object
 name =   
 length =  4860 
 folded =  FALSE 
 source =  CDK 
 bits on =  1 2 14 16 212 297 298 299 341 344 346 504 506 647 669 677 678 839 886 891 900 901 1150 1193 1566 1572 2547 2598 2695 2950 2969 2975 3025 3150 3224 3295 3369 3396 3398 3402 3404 3455 3593 3640 3659 3660 3661 3662 3692 3706 3712 3719 3726 3729 3733 3735 3740 3742 3750 3773 3779 3781 3788 3882 3926 3928 3932 3933 3937 3942 3948 3956 4000 4080 4191 4193 4197 4237 4264 4295 4331 4552 4759 4811 4826 
Fingerprint object
 name =   
 length =  4860 
 folded =  FALSE 
 source =  CDK 
 bits on =  297 504 506 515 516 647 654 677 811 813 839 886 1193 1256 1300 1426 1564 1642 1663 1786 2259 2547 2598 2603 2673 2975 3025 3161 3197 3224 3295 3303 3325 3455 3611 3750 3788 3789 3806 3821 3869 3882 3949 3953 3956 3957 3971 4080 4191 4237 4287 4295 4301 4313 4314 4317 4331 4501 4533 4579 4653 4695 4802 4811 
Fingerprint object
 name =   
 length =  4860 
 folded =  FALSE 
 source =  CDK 
 bits on =  1 14 102 218 297 298 299 341 344 346 401 403 458 504 506 610 612 647 654 665 669 677 839 1193 1256 1645 2262 2265 2547 2598 2673 2855 2975 3025 3157 3224 3295 3402 3404 3455 3587 3590 3640 3647 3661 3662 3671 3692 3706 3712 3726 3729 3733 3735 3740 3741 3742 3750 3751 3752 3756 3757 3765 3773 3775 3778 3781 3782 3786 3788 3789 3806 3809 3882 3884 3889 3899 3915 3926 3928 3932 3937 3942 3943 3948 3956 3957 3971 4019 4026 4028 4080 4191 4237 4257 4295 4331 4533 4539 4642 4645 4695 4811 4813 4843 4853 4858 
Fingerprint object
 name =   
 length =  4860 
 folded =  FALSE 
 source =  CDK 
 bits on =  1 14 20 27 72 98 297 341 401 403 458 504 506 665 669 677 839 1193 1452 1461 1642 1645 1750 2547 2548 2673 2855 2975 3025 3224 3276 3283 3295 3408 3410 3455 3529 3534 3587 3590 3640 3645 3647 3671 3682 3704 3740 3750 3788 3789 3806 3809 3882 3943 3956 3957 3971 4019 4026 4028 4080 4237 4257 4331 4533 4642 4645 4695 4778 4811 4813 4820 4843 4853 4858 
Fingerprint object
 name =   
 length =  4860 
 folded =  FALSE 
 source =  CDK 
 bits on =  297 341 401 403 458 504 506 647 654 665 677 839 1148 1193 1645 1847 2547 2673 2855 2949 2975 3025 3224 3295 3455 3495 3496 3587 3590 3640 3647 3671 3740 3750 3809 3882 3943 3956 3957 3971 4019 4026 4028 4080 4237 4257 4331 4394 4410 4642 4645 4695 4813 4843 4853 4858 
Fingerprint object
 name =   
 length =  4860 
 folded =  FALSE 
 source =  CDK 
 bits on =  297 341 383 435 467 476 480 504 605 608 610 621 669 677 790 810 839 1193 1240 1452 1642 1811 2262 2264 2265 2419 2428 2433 2444 2547 2667 2711 2721 2975 2985 3025 3179 3224 3295 3455 3560 3750 3751 3752 3756 3757 3763 3764 3773 3775 3781 3782 3882 3884 3889 3921 3926 3928 3942 3945 3956 3985 4000 4080 4237 4281 4286 4287 4294 4331 4531 4541 4717 
Fingerprint object
 name =   
 length =  4860 
 folded =  FALSE 
 source =  CDK 
 bits on =  297 466 467 480 483 504 506 582 586 663 665 669 677 788 839 887 1150 1193 1294 1642 1775 2781 2855 2870 2950 2969 2975 3025 3224 3295 3455 3525 3750 3773 3775 3781 3782 3809 3814 3815 3816 3882 3926 3928 3942 4019 4023 4080 4192 4237 4296 4331 4843 4856 4857 
Fingerprint object
 name =   
 length =  4860 
 folded =  FALSE 
 source =  CDK 
 bits on =  297 493 494 589 1146 1148 1154 1645 1654 1787 1791 2259 2949 2975 3224 3353 3367 3369 3399 3402 3546 3547 3599 3640 3744 3750 3773 3788 3821 3866 3869 3882 3926 3936 3937 3948 3956 4080 4225 4287 4295 4331 
Fingerprint object
 name =   
 length =  4860 
 folded =  FALSE 
 source =  CDK 
 bits on =  297 341 344 504 506 665 669 677 821 839 887 1153 1154 1156 1160 1173 1193 1539 1642 1672 1673 2855 2870 2886 2975 2977 3025 3149 3224 3295 3349 3353 3355 3369 3382 3402 3404 3455 3640 3641 3659 3660 3661 3662 3682 3692 3706 3712 3729 3733 3735 3740 3742 3750 3773 3775 3781 3782 3809 3882 3926 3928 3936 3937 3942 4019 4026 4028 4080 4192 4237 4261 4296 4331 4843 4853 4856 
Fingerprint object
 name =   
 length =  4860 
 folded =  FALSE 
 source =  CDK 
 bits on =  1 20 33 72 297 466 669 677 810 839 840 891 896 900 1193 1299 1564 1937 2547 2548 2673 2975 3025 3161 3224 3295 3430 3455 3611 3619 3620 3682 3750 3773 3779 3781 3788 3789 3806 3882 3926 3928 3932 3933 3942 3948 3956 3957 3971 4080 4191 4193 4197 4237 4295 4331 4501 4516 4533 4558 4653 4695 4811 4813 4826 
Fingerprint object
 name =   
 length =  4860 
 folded =  FALSE 
 source =  CDK 
 bits on =  297 341 383 467 480 504 610 612 647 654 677 839 1193 1256 1642 1663 1786 2259 2262 2265 2547 2598 2673 2975 3025 3161 3197 3224 3295 3455 3611 3750 3751 3752 3756 3767 3773 3775 3778 3779 3781 3782 3786 3788 3789 3806 3821 3869 3882 3884 3887 3889 3899 3926 3928 3932 3933 3942 3948 3956 3957 3971 4080 4191 4193 4197 4237 4294 4295 4331 4501 4533 4557 4558 4653 4695 4811 4826 
Fingerprint object
 name =   
 length =  4860 
 folded =  FALSE 
 source =  CDK 
 bits on =  126 133 297 647 648 669 677 839 852 1193 1645 1932 2260 2547 2667 2712 2975 2986 3010 3025 3224 3295 3440 3455 3560 3574 3586 3587 3590 3606 3750 3882 3943 3956 3957 4000 4032 4067 4080 4139 4142 4237 4268 4285 4331 4734 4769 4813 
Fingerprint object
 name =   
 length =  4860 
 folded =  FALSE 
 source =  CDK 
 bits on =  297 466 504 506 647 654 669 672 677 839 886 1015 1043 1147 1193 1256 1645 1648 1787 1789 1937 2259 2380 2547 2598 2673 2928 2934 2940 2975 3025 3161 3224 3295 3455 3611 3619 3620 3750 3788 3789 3806 3821 3857 3869 3882 3943 3956 3957 3971 4080 4117 4191 4237 4250 4259 4265 4295 4331 4501 4533 4653 4695 4811 4833 
Fingerprint object
 name =   
 length =  4860 
 folded =  FALSE 
 source =  CDK 
 bits on =  297 341 344 504 506 557 561 608 631 647 654 669 677 821 839 886 1153 1154 1193 1256 1539 1642 1724 1798 2260 2262 2264 2314 2547 2598 2673 2781 2855 2886 2975 2977 3025 3149 3224 3295 3328 3331 3353 3355 3369 3402 3404 3455 3640 3641 3659 3660 3661 3662 3692 3706 3712 3729 3733 3735 3740 3742 3750 3773 3775 3778 3781 3782 3786 3787 3788 3789 3790 3800 3806 3882 3901 3926 3928 3932 3936 3937 3942 3948 3955 3956 3957 3959 3966 3971 4032 4067 4080 4191 4237 4261 4283 4286 4295 4320 4326 4328 4329 4331 4533 4591 4680 4695 4811 4828 4843 4853 
Fingerprint object
 name =   
 length =  4860 
 folded =  FALSE 
 source =  CDK 
 bits on =  297 466 504 506 647 654 669 677 839 886 1013 1055 1193 1256 1642 1937 2547 2595 2598 2673 2711 2975 3025 3161 3224 3295 3455 3611 3619 3620 3750 3788 3789 3806 3882 3943 3956 3957 3971 4000 4080 4191 4237 4254 4295 4331 4501 4533 4653 4695 4735 4811 
Fingerprint object
 name =   
 length =  4860 
 folded =  FALSE 
 source =  CDK 
 bits on =  297 467 480 483 486 504 506 582 592 647 669 677 839 886 1150 1193 1566 1572 1642 1811 2547 2598 2667 2695 2711 2950 2969 2975 3025 3224 3295 3455 3560 3750 3773 3788 3882 3926 3928 3932 3942 3948 3956 4000 4080 4191 4237 4287 4295 4331 4759 4811 
Fingerprint object
 name =   
 length =  4860 
 folded =  FALSE 
 source =  CDK 
 bits on =  297 504 506 647 672 677 839 886 1147 1150 1193 1566 1572 1645 1733 2260 2380 2547 2598 2695 2930 2934 2950 2969 2975 3025 3224 3295 3455 3750 3788 3882 3943 3956 4000 4032 4067 4080 4117 4191 4237 4252 4256 4295 4331 4759 4811 4833 
Fingerprint object
 name =   
 length =  4860 
 folded =  FALSE 
 source =  CDK 
 bits on =  1 20 224 297 298 302 341 344 466 504 506 605 647 654 669 677 839 1193 1500 1520 1642 1750 2242 2262 2264 2265 2306 2308 2547 2595 2673 2975 3025 3051 3156 3161 3224 3295 3402 3405 3455 3611 3619 3640 3647 3648 3661 3671 3692 3693 3701 3706 3707 3709 3729 3733 3740 3741 3750 3751 3752 3753 3757 3758 3760 3763 3773 3782 3783 3785 3788 3789 3806 3882 3884 3889 3893 3894 3914 3926 3928 3937 3942 3945 3956 3957 3971 4080 4237 4281 4286 4294 4331 4504 4695 
Fingerprint object
 name =   
 length =  4860 
 folded =  FALSE 
 source =  CDK 
 bits on =  1 14 33 101 297 298 299 466 467 480 483 504 506 663 665 669 677 758 839 887 1193 1564 2781 2789 2855 2868 2870 2975 3025 3224 3295 3382 3455 3640 3682 3740 3742 3750 3773 3775 3781 3782 3809 3814 3815 3816 3820 3882 3926 3928 3942 4019 4023 4080 4192 4237 4296 4331 4843 4856 
Fingerprint object
 name =   
 length =  4860 
 folded =  FALSE 
 source =  CDK 
 bits on =  297 504 506 647 669 677 839 886 890 1013 1037 1150 1193 1263 1566 1572 1642 2547 2598 2695 2950 2969 2975 3025 3224 3295 3455 3750 3788 3882 3943 3956 4000 4080 4191 4237 4295 4331 4759 4811 
Fingerprint object
 name =   
 length =  4860 
 folded =  FALSE 
 source =  CDK 
 bits on =  126 133 297 466 504 647 654 669 1193 1256 1566 1568 2547 2598 2673 2675 2975 2986 3010 3025 3224 3328 3331 3440 3455 3596 3788 3789 3790 3806 3956 3957 3959 3971 4331 4533 4610 4612 4695 4810 4811 
Fingerprint object
 name =   
 length =  4860 
 folded =  FALSE 
 source =  CDK 
 bits on =  1 16 34 297 298 341 344 466 467 480 504 506 647 669 677 678 790 791 839 1193 1240 1452 1566 1642 2547 2595 2711 2721 2975 3025 3224 3295 3415 3455 3560 3596 3640 3682 3692 3704 3710 3733 3735 3740 3742 3750 3773 3775 3781 3782 3788 3882 3926 3928 3942 3945 3956 3985 4000 4080 4237 4281 4286 4287 4294 4331 4531 4717 
Fingerprint object
 name =   
 length =  4860 
 folded =  FALSE 
 source =  CDK 
 bits on =  1 14 17 297 298 299 300 311 669 1148 1153 1193 1524 1645 2547 2667 2673 2855 2856 2949 2975 2977 3025 3145 3180 3224 3408 3640 3641 3788 3809 3956 3957 3971 4019 4080 4331 4645 4695 4813 4843 
Fingerprint object
 name =   
 length =  4860 
 folded =  FALSE 
 source =  CDK 
 bits on =  1 14 20 73 98 297 341 382 453 457 458 466 663 665 669 677 839 840 842 1193 1645 1787 2259 2260 2781 2855 2856 2975 3025 3224 3295 3455 3640 3647 3671 3740 3750 3809 3814 3815 3816 3818 3820 3821 3867 3869 3882 3943 4019 4023 4032 4067 4080 4192 4237 4259 4296 4331 4843 4856 
Fingerprint object
 name =   
 length =  4860 
 folded =  FALSE 
 source =  CDK 
 bits on =  297 663 665 669 1154 1156 1160 1173 2781 2855 2975 3224 3369 3640 4019 4023 4331 4843 
Fingerprint object
 name =   
 length =  4860 
 folded =  FALSE 
 source =  CDK 
 bits on =  1 14 16 20 34 72 98 297 298 341 344 466 669 677 678 839 840 842 1193 1566 2088 2186 2547 2548 2673 2975 3025 3143 3224 3295 3408 3410 3415 3434 3455 3569 3596 3608 3609 3613 3616 3640 3647 3648 3671 3682 3688 3692 3704 3710 3733 3735 3740 3742 3750 3773 3775 3777 3778 3781 3782 3786 3788 3789 3806 3882 3926 3928 3932 3942 3946 3948 3956 3957 3971 4080 4191 4237 4287 4295 4331 4503 4533 4695 4811 
Fingerprint object
 name =   
 length =  4860 
 folded =  FALSE 
 source =  CDK 
 bits on =  1 14 232 297 298 299 341 504 605 610 612 621 647 654 669 1193 1256 1484 1564 1642 1750 2015 2262 2265 2408 2547 2598 2673 2975 3025 3157 3168 3181 3224 3295 3369 3455 3640 3659 3660 3692 3706 3729 3733 3735 3740 3741 3742 3750 3751 3752 3756 3757 3765 3773 3775 3778 3781 3782 3786 3788 3789 3806 3882 3884 3889 3899 3915 3926 3928 3932 3942 3948 3956 3957 3971 4080 4191 4237 4295 4331 4533 4539 4695 4811 
Fingerprint object
 name =   
 length =  4860 
 folded =  FALSE 
 source =  CDK 
 bits on =  1 2 14 20 72 92 297 504 557 647 669 677 839 840 841 908 1146 1193 1405 1566 1583 2259 2547 2548 2598 2660 2673 2695 2975 3025 3224 3295 3328 3331 3332 3369 3385 3390 3399 3400 3408 3410 3434 3455 3640 3647 3648 3659 3671 3692 3693 3701 3733 3735 3740 3742 3744 3745 3746 3750 3773 3779 3781 3788 3789 3790 3806 3821 3869 3882 3926 3928 3932 3933 3942 3946 3948 3956 3957 3959 3967 3971 4000 4003 4080 4191 4193 4197 4237 4295 4331 4533 4558 4695 4765 4803 4804 4811 4826 4829 
Fingerprint object
 name =   
 length =  4860 
 folded =  FALSE 
 source =  CDK 
 bits on =  297 466 467 480 483 486 504 506 582 647 654 669 677 839 886 1193 1256 1452 1524 1642 1937 2547 2598 2667 2673 2975 3025 3161 3224 3295 3455 3529 3534 3537 3611 3619 3620 3750 3773 3788 3789 3806 3882 3926 3928 3932 3942 3948 3956 3957 3971 4080 4191 4237 4287 4295 4331 4501 4533 4645 4653 4695 4811 4813 
Fingerprint object
 name =   
 length =  4860 
 folded =  FALSE 
 source =  CDK 
 bits on =  1 14 92 297 466 504 506 647 654 669 677 839 886 1193 1256 1592 1937 2547 2598 2673 2975 3025 3161 3224 3295 3382 3455 3574 3577 3602 3611 3619 3620 3640 3682 3750 3788 3789 3806 3882 3943 3956 3957 3971 4080 4191 4237 4295 4331 4501 4533 4653 4695 4811 
Fingerprint object
 name =   
 length =  4860 
 folded =  FALSE 
 source =  CDK 
 bits on =  297 504 506 665 669 677 839 887 1013 1021 1146 1154 1156 1160 1173 1193 1405 1452 1642 1672 1673 2855 2870 2886 2975 3025 3224 3295 3349 3369 3382 3455 3550 3553 3640 3682 3750 3809 3882 3943 4019 4026 4028 4080 4163 4192 4237 4243 4287 4296 4331 4843 4853 4856 
Fingerprint object
 name =   
 length =  4860 
 folded =  FALSE 
 source =  CDK 
 bits on =  1 2 14 20 72 92 297 341 344 346 467 492 504 557 669 677 790 839 840 841 908 1139 1144 1145 1146 1193 1405 1645 2547 2548 2673 2781 2855 2975 3025 3224 3295 3328 3331 3332 3369 3385 3390 3399 3400 3408 3410 3434 3455 3542 3543 3596 3640 3647 3648 3659 3671 3682 3692 3693 3701 3704 3710 3733 3735 3740 3742 3744 3746 3750 3773 3779 3781 3787 3788 3789 3790 3800 3806 3882 3926 3928 3932 3933 3942 3946 3948 3955 3956 3957 3959 3966 3971 4080 4191 4193 4197 4237 4283 4286 4295 4320 4326 4328 4329 4331 4533 4558 4591 4680 4695 4811 4826 4828 4843 4853 
Fingerprint object
 name =   
 length =  4860 
 folded =  FALSE 
 source =  CDK 
 bits on =  297 341 344 346 467 492 504 506 557 561 647 654 669 677 790 839 886 1013 1030 1139 1144 1145 1193 1256 1642 1645 1750 2547 2598 2673 2781 2855 2975 3025 3224 3295 3328 3331 3455 3542 3543 3550 3553 3596 3640 3682 3692 3704 3710 3750 3787 3788 3789 3790 3800 3806 3882 3943 3955 3956 3957 3959 3966 3971 4080 4191 4237 4283 4286 4295 4320 4326 4328 4329 4331 4533 4591 4680 4695 4811 4828 4843 4853 
Fingerprint object
 name =   
 length =  4860 
 folded =  FALSE 
 source =  CDK 
 bits on =  297 341 401 403 458 504 506 647 654 665 669 677 839 1193 1256 1645 1932 2084 2547 2598 2673 2855 2975 3025 3224 3276 3283 3295 3455 3510 3528 3529 3534 3574 3587 3590 3596 3598 3640 3647 3671 3682 3740 3750 3788 3789 3806 3809 3882 3943 3956 3957 3971 4019 4026 4028 4080 4237 4257 4331 4533 4642 4645 4695 4778 4811 4813 4820 4843 4853 4858 
Fingerprint object
 name =   
 length =  4860 
 folded =  FALSE 
 source =  CDK 
 bits on =  1 228 297 298 467 480 483 504 506 663 665 669 677 758 839 887 1193 2781 2855 2870 2975 3025 3058 3224 3295 3369 3396 3398 3455 3640 3692 3733 3735 3740 3742 3750 3773 3775 3781 3782 3809 3814 3815 3816 3882 3926 3928 3942 4019 4023 4080 4192 4237 4296 4331 4843 4856 
Fingerprint object
 name =   
 length =  4860 
 folded =  FALSE 
 source =  CDK 
 bits on =  1 14 16 33 93 101 297 504 506 507 665 669 677 678 683 708 839 887 1193 1564 1592 2101 2259 2855 2870 2975 3025 3224 3295 3415 3455 3682 3750 3773 3775 3781 3782 3809 3821 3866 3869 3882 3926 3928 3942 4019 4028 4080 4192 4237 4287 4296 4331 4843 4853 4856 
Fingerprint object
 name =   
 length =  4860 
 folded =  FALSE 
 source =  CDK 
 bits on =  1 14 92 102 126 133 218 297 298 299 307 341 344 346 504 610 612 647 654 669 1193 1256 1932 2259 2262 2265 2547 2564 2565 2598 2667 2673 2675 2975 2986 3010 3025 3157 3224 3295 3328 3331 3369 3399 3402 3404 3440 3455 3559 3560 3585 3591 3640 3661 3662 3692 3706 3712 3726 3729 3733 3735 3740 3741 3742 3744 3750 3751 3752 3756 3757 3765 3773 3775 3778 3781 3782 3786 3788 3789 3790 3806 3821 3869 3882 3884 3889 3899 3915 3926 3928 3932 3937 3942 3948 3956 3957 3959 3971 4000 4003 4005 4006 4080 4191 4237 4295 4331 4533 4539 4610 4612 4695 4765 4770 4810 4811 
Fingerprint object
 name =   
 length =  4860 
 folded =  FALSE 
 source =  CDK 
 bits on =  126 297 338 493 669 1146 1564 2975 2986 3224 3440 3750 3773 3882 3926 4080 4285 
Fingerprint object
 name =   
 length =  4860 
 folded =  FALSE 
 source =  CDK 
 bits on =  297 466 504 506 647 669 677 839 886 992 1150 1193 1566 1572 1591 1607 2547 2598 2695 2950 2969 2975 3025 3224 3295 3455 3587 3590 3682 3750 3788 3882 3943 3956 4000 4080 4191 4237 4295 4331 4759 4811 
Fingerprint object
 name =   
 length =  4860 
 folded =  FALSE 
 source =  CDK 
 bits on =  297 341 383 387 390 413 467 480 483 504 506 566 665 677 780 839 887 1193 1564 1592 2101 2259 2855 2870 2975 3025 3224 3295 3455 3682 3750 3773 3775 3781 3782 3809 3821 3866 3869 3882 3926 3928 3942 4019 4028 4080 4192 4237 4296 4331 4843 4853 4856 
Fingerprint object
 name =   
 length =  4860 
 folded =  FALSE 
 source =  CDK 
 bits on =  1 232 297 298 341 438 453 457 458 494 605 620 638 663 665 1148 1150 1642 1724 1775 2262 2781 2835 2855 2886 2949 2950 2963 2969 2975 3157 3224 3369 3399 3640 3659 3660 3692 3706 3729 3733 3737 3740 3741 3744 3750 3751 3752 3757 3773 3782 3788 3809 3814 3815 3882 3884 3915 3926 3956 4019 4020 4023 4028 4080 4296 4331 4591 4843 4853 
Fingerprint object
 name =   
 length =  4860 
 folded =  FALSE 
 source =  CDK 
 bits on =  1 14 16 20 73 92 93 98 297 341 382 466 663 665 669 677 678 683 706 839 840 842 1193 1272 2228 2781 2855 2856 2975 3025 3224 3295 3402 3404 3455 3640 3647 3648 3649 3671 3740 3750 3773 3775 3777 3781 3782 3809 3814 3815 3816 3882 3926 3928 3937 3942 4019 4023 4080 4192 4237 4296 4331 4843 4856 
Fingerprint object
 name =   
 length =  4860 
 folded =  FALSE 
 source =  CDK 
 bits on =  1 14 20 73 98 297 341 382 453 457 458 466 663 665 669 677 839 840 842 1013 1193 1642 1822 2781 2855 2856 2876 2886 2975 3025 3224 3295 3455 3640 3647 3671 3740 3750 3809 3814 3815 3816 3818 3820 3882 3943 4019 4023 4028 4080 4192 4237 4296 4331 4843 4853 4856 
Fingerprint object
 name =   
 length =  4860 
 folded =  FALSE 
 source =  CDK 
 bits on =  1 14 92 297 298 299 307 341 342 401 410 504 506 554 557 561 608 610 612 630 647 654 669 677 839 1013 1049 1193 1256 1642 1798 2260 2262 2264 2265 2308 2547 2598 2658 2673 2975 3025 3224 3295 3302 3328 3331 3369 3392 3393 3455 3640 3654 3655 3656 3659 3671 3692 3697 3701 3706 3708 3709 3730 3737 3744 3750 3751 3752 3753 3773 3775 3778 3781 3782 3783 3785 3786 3788 3789 3790 3795 3806 3882 3884 3889 3893 3894 3899 3926 3928 3932 3942 3943 3945 3948 3956 3957 3959 3971 4032 4062 4067 4080 4191 4237 4252 4281 4286 4294 4295 4331 4531 4533 4695 4811 
Fingerprint object
 name =   
 length =  4860 
 folded =  FALSE 
 source =  CDK 
 bits on =  1 2 14 16 212 297 298 299 341 344 346 504 506 557 561 608 631 647 654 669 677 678 839 886 1193 1256 1642 1724 1798 2260 2262 2264 2314 2547 2598 2673 2781 2855 2886 2975 3025 3150 3224 3295 3328 3331 3369 3396 3398 3402 3404 3455 3593 3640 3659 3660 3661 3662 3692 3706 3712 3719 3726 3729 3733 3735 3740 3742 3750 3773 3775 3778 3781 3782 3786 3787 3788 3789 3790 3800 3806 3882 3901 3926 3928 3932 3937 3942 3948 3955 3956 3957 3959 3966 3971 4032 4067 4080 4191 4237 4264 4283 4286 4295 4320 4326 4328 4329 4331 4533 4552 4591 4680 4695 4811 4828 4843 4853 
Fingerprint object
 name =   
 length =  4860 
 folded =  FALSE 
 source =  CDK 
 bits on =  297 504 557 561 647 654 669 672 1147 1193 1256 1453 1566 1583 1645 1648 1756 1757 2259 2380 2547 2598 2660 2661 2673 2695 2923 2934 2975 3025 3224 3276 3282 3283 3328 3331 3455 3529 3534 3580 3587 3594 3602 3682 3788 3789 3790 3806 3821 3869 3956 3957 3959 3967 3971 4000 4003 4080 4117 4331 4533 4695 4765 4778 4803 4804 4811 4820 4829 4833 
Fingerprint object
 name =   
 length =  4860 
 folded =  FALSE 
 source =  CDK 
 bits on =  1 14 16 57 93 297 504 506 507 647 669 677 678 683 839 886 1150 1193 1566 1572 1645 1895 2547 2598 2600 2695 2712 2760 2950 2969 2975 3025 3222 3224 3295 3415 3455 3559 3560 3572 3591 3680 3681 3682 3750 3773 3775 3778 3781 3782 3786 3788 3882 3926 3928 3932 3942 3948 3956 4000 4005 4080 4191 4237 4287 4295 4331 4759 4770 4811 
Fingerprint object
 name =   
 length =  4860 
 folded =  FALSE 
 source =  CDK 
 bits on =  297 341 344 346 504 506 647 669 677 839 886 1121 1193 1645 2221 2223 2235 2547 2598 2975 3025 3085 3159 3219 3224 3295 3455 3610 3618 3634 3640 3692 3750 3788 3882 3956 4000 4080 4191 4237 4280 4295 4331 4811 
Fingerprint object
 name =   
 length =  4860 
 folded =  FALSE 
 source =  CDK 
 bits on =  297 494 669 677 992 1148 1591 1608 2137 2140 2242 2244 2258 2949 2975 3089 3161 3180 3587 3611 3619 3620 3638 3956 4080 4331 4813 
Fingerprint object
 name =   
 length =  4860 
 folded =  FALSE 
 source =  CDK 
 bits on =  297 341 383 387 390 392 414 466 467 480 483 486 504 506 593 647 654 669 677 782 839 886 1193 1256 1645 1816 1937 2547 2598 2667 2673 2712 2714 2975 3025 3161 3224 3295 3455 3559 3560 3591 3611 3619 3620 3680 3681 3682 3750 3773 3775 3778 3781 3782 3786 3788 3789 3806 3882 3926 3928 3932 3942 3948 3956 3957 3971 4000 4005 4006 4080 4191 4237 4295 4331 4501 4533 4653 4695 4770 4811 
Fingerprint object
 name =   
 length =  4860 
 folded =  FALSE 
 source =  CDK 
 bits on =  297 341 382 383 387 466 467 480 605 610 621 622 669 677 773 839 1193 1287 1642 1798 2260 2262 2265 2428 2433 2438 2441 2975 3025 3163 3179 3224 3640 3740 3742 3750 3751 3752 3756 3773 3779 3781 3782 3882 3884 3887 3889 3892 3918 3919 3921 3926 3933 3942 3943 4032 4061 4067 4080 4193 4237 4252 4294 4331 4541 
Fingerprint object
 name =   
 length =  4860 
 folded =  FALSE 
 source =  CDK 
 bits on =  297 504 506 557 561 608 631 647 654 669 677 839 886 973 986 1193 1256 1566 1583 1642 1724 1798 2259 2260 2262 2264 2314 2547 2598 2673 2781 2855 2886 2975 3025 3224 3295 3328 3331 3455 3750 3773 3787 3788 3789 3790 3800 3806 3821 3869 3874 3882 3901 3926 3943 3948 3955 3956 3957 3959 3966 3971 4032 4067 4080 4191 4237 4267 4283 4286 4295 4320 4326 4328 4329 4331 4533 4591 4680 4695 4811 4828 4843 4853 
Fingerprint object
 name =   
 length =  4860 
 folded =  FALSE 
 source =  CDK 
 bits on =  297 504 506 665 669 677 839 887 1154 1156 1160 1173 1193 1426 1564 1642 1672 1673 2855 2870 2886 2975 3025 3224 3295 3349 3369 3382 3455 3640 3682 3750 3773 3781 3809 3882 3926 3928 3942 4019 4026 4028 4080 4192 4237 4287 4296 4331 4843 4853 4856 
Fingerprint object
 name =   
 length =  4860 
 folded =  FALSE 
 source =  CDK 
 bits on =  1 14 16 20 72 98 216 297 298 341 344 401 403 458 504 506 665 669 677 678 753 839 840 842 1193 1645 2547 2548 2673 2855 2975 3025 3149 3224 3295 3402 3404 3408 3410 3434 3455 3587 3590 3640 3647 3648 3649 3661 3662 3671 3692 3706 3729 3733 3735 3740 3742 3750 3773 3775 3777 3778 3781 3782 3786 3788 3789 3806 3809 3882 3926 3928 3932 3937 3942 3943 3946 3948 3956 3957 3971 4019 4026 4028 4080 4191 4237 4257 4261 4295 4331 4533 4642 4645 4695 4811 4813 4843 4853 4858 
Fingerprint object
 name =   
 length =  4860 
 folded =  FALSE 
 source =  CDK 
 bits on =  1 14 17 297 298 299 300 311 341 382 383 387 390 466 467 480 483 504 506 665 669 677 773 839 887 1148 1193 1287 1524 1645 2547 2667 2673 2855 2870 2949 2975 3025 3145 3180 3224 3295 3408 3455 3640 3740 3742 3750 3773 3775 3781 3782 3788 3809 3882 3926 3928 3942 3956 3957 3971 4019 4080 4192 4237 4296 4331 4645 4695 4813 4843 4856 
Fingerprint object
 name =   
 length =  4860 
 folded =  FALSE 
 source =  CDK 
 bits on =  1 2 14 16 297 298 299 341 344 466 504 506 647 654 669 677 678 839 886 1193 1256 1566 2088 2186 2547 2598 2673 2975 3025 3143 3150 3224 3295 3369 3396 3398 3402 3404 3455 3569 3593 3608 3609 3613 3616 3640 3659 3660 3661 3662 3688 3692 3706 3712 3717 3719 3722 3726 3729 3733 3735 3740 3742 3750 3773 3775 3778 3781 3782 3786 3788 3789 3806 3882 3926 3928 3932 3937 3942 3948 3956 3957 3971 4080 4191 4237 4264 4295 4331 4503 4533 4552 4695 4811 
Fingerprint object
 name =   
 length =  4860 
 folded =  FALSE 
 source =  CDK 
 bits on =  1 14 20 73 98 297 341 344 346 354 355 362 363 364 382 383 387 388 466 467 480 663 665 669 677 766 839 840 842 1193 1281 2781 2855 2856 2975 3025 3224 3295 3455 3640 3647 3648 3671 3692 3706 3729 3733 3735 3740 3742 3750 3773 3775 3777 3781 3782 3809 3814 3815 3816 3882 3926 3928 3942 4019 4023 4080 4192 4237 4296 4331 4843 4856 
Fingerprint object
 name =   
 length =  4860 
 folded =  FALSE 
 source =  CDK 
 bits on =  297 466 647 654 669 1193 1566 1642 1811 2034 2088 2186 2547 2667 2673 2711 2975 3025 3143 3200 3224 3569 3608 3609 3613 3616 3625 3688 3956 3957 3971 4000 4331 4503 4695 
Fingerprint object
 name =   
 length =  4860 
 folded =  FALSE 
 source =  CDK 
 bits on =  1 14 20 98 297 647 669 677 839 840 842 1064 1193 1592 1645 1895 2101 2259 2547 2712 2855 2856 2975 3025 3222 3224 3295 3455 3640 3647 3671 3740 3750 3809 3821 3866 3869 3882 3943 3956 4000 4005 4019 4028 4080 4192 4237 4254 4260 4296 4331 4735 4751 4770 4843 4853 4856 
Fingerprint object
 name =   
 length =  4860 
 folded =  FALSE 
 source =  CDK 
 bits on =  1 20 33 72 297 466 669 677 810 839 840 891 896 900 1193 1299 1564 1937 2547 2548 2673 2975 3025 3161 3224 3295 3430 3455 3611 3619 3620 3682 3750 3773 3779 3781 3788 3789 3806 3882 3926 3928 3932 3933 3942 3948 3956 3957 3971 4080 4191 4193 4197 4237 4295 4331 4501 4516 4533 4558 4653 4695 4811 4813 4826 
Fingerprint object
 name =   
 length =  4860 
 folded =  FALSE 
 source =  CDK 
 bits on =  1 225 297 298 341 344 444 504 505 647 665 669 1193 1263 1524 1645 2547 2548 2667 2673 2855 2870 2871 2975 3025 3145 3180 3224 3268 3408 3455 3640 3692 3706 3730 3737 3744 3788 3789 3809 3956 3957 3971 4019 4331 4645 4695 4813 4843 4856 
Fingerprint object
 name =   
 length =  4860 
 folded =  FALSE 
 source =  CDK 
 bits on =  297 504 506 665 669 677 839 887 1013 1024 1146 1154 1156 1160 1173 1193 1318 1642 1672 1673 1724 1725 2781 2815 2855 2870 2886 2975 3025 3224 3295 3349 3369 3382 3455 3640 3682 3750 3809 3882 3943 4019 4026 4028 4080 4192 4237 4246 4247 4296 4320 4326 4328 4329 4331 4547 4591 4843 4853 4856 
Fingerprint object
 name =   
 length =  4860 
 folded =  FALSE 
 source =  CDK 
 bits on =  1 14 16 93 297 298 299 309 341 382 401 403 466 467 480 483 504 506 507 669 677 678 683 790 791 839 866 1193 1225 1240 2386 2975 3025 3224 3295 3302 3402 3404 3455 3640 3647 3648 3671 3692 3693 3701 3733 3740 3750 3773 3775 3777 3781 3782 3783 3785 3882 3916 3926 3928 3937 3942 3945 4080 4237 4281 4286 4294 4331 4531 
Fingerprint object
 name =   
 length =  4860 
 folded =  FALSE 
 source =  CDK 
 bits on =  1 14 17 297 298 299 300 311 341 383 387 390 444 467 480 483 504 506 647 652 665 669 677 786 839 887 1148 1193 1524 1645 2547 2585 2667 2673 2855 2870 2949 2975 3025 3145 3180 3224 3295 3408 3455 3640 3750 3773 3775 3781 3782 3786 3788 3789 3809 3882 3926 3928 3942 3948 3956 3957 3971 4019 4080 4192 4237 4295 4296 4331 4645 4695 4813 4826 4843 4856 
Fingerprint object
 name =   
 length =  4860 
 folded =  FALSE 
 source =  CDK 
 bits on =  1 14 17 297 298 299 300 311 665 669 1148 1193 1524 1645 1756 1963 2547 2667 2673 2855 2949 2975 3025 3145 3180 3224 3408 3528 3529 3574 3596 3640 3788 3956 3957 3971 4019 4331 4645 4695 4813 4843 4857 
Fingerprint object
 name =   
 length =  4860 
 folded =  FALSE 
 source =  CDK 
 bits on =  297 504 506 665 677 839 887 973 978 1148 1193 1566 1571 1645 2855 2870 2949 2975 3025 3224 3295 3455 3587 3590 3750 3809 3882 3943 4019 4026 4028 4080 4192 4237 4268 4287 4296 4331 4427 4769 4843 4853 4856 
Fingerprint object
 name =   
 length =  4860 
 folded =  FALSE 
 source =  CDK 
 bits on =  297 467 480 483 486 504 506 582 590 647 677 839 886 1150 1193 1566 1572 1642 1798 2260 2547 2598 2695 2950 2969 2975 3025 3224 3295 3455 3548 3750 3773 3788 3882 3926 3928 3932 3942 3948 3956 4000 4032 4067 4080 4191 4237 4287 4295 4331 4759 4811 
Fingerprint object
 name =   
 length =  4860 
 folded =  FALSE 
 source =  CDK 
 bits on =  1 297 504 506 677 839 1013 1055 1193 1566 1642 2260 2547 2548 2561 2711 2975 3025 3224 3295 3455 3750 3882 3943 3956 4000 4032 4080 4237 4254 4331 4692 4735 
Fingerprint object
 name =   
 length =  4860 
 folded =  FALSE 
 source =  CDK 
 bits on =  669 677 839 992 1008 1193 1564 1591 1621 1930 1991 2547 2667 2703 2975 3025 3052 3169 3612 3882 3943 3956 4000 4080 4237 4260 4331 4502 4751 
Fingerprint object
 name =   
 length =  4860 
 folded =  FALSE 
 source =  CDK 
 bits on =  297 466 504 506 647 654 669 677 839 886 973 983 1146 1193 1256 1405 1427 1566 2088 2186 2547 2598 2673 2975 3025 3143 3224 3295 3455 3569 3602 3608 3609 3613 3616 3688 3750 3788 3789 3806 3882 3943 3956 3957 3971 4080 4191 4237 4287 4295 4331 4503 4533 4695 4811 
Fingerprint object
 name =   
 length =  4860 
 folded =  FALSE 
 source =  CDK 
 bits on =  1 14 20 27 72 98 297 341 401 403 458 504 506 665 669 677 839 1193 1452 1642 1645 1811 2547 2548 2667 2673 2711 2721 2855 2975 3025 3224 3281 3283 3295 3408 3410 3455 3560 3587 3590 3640 3645 3647 3671 3681 3682 3703 3704 3740 3750 3788 3789 3806 3809 3882 3943 3956 3957 3971 4000 4019 4026 4028 4080 4237 4257 4331 4533 4642 4645 4695 4717 4778 4811 4813 4820 4843 4853 4858 