Fingerprint object
 name =   
 length =  4860 
 folded =  FALSE 
 source =  CDK 
 bits on =  297 466 504 506 647 654 669 677 839 886 973 983 1146 1193 1256 1405 1427 1566 2088 2186 2547 2598 2673 2975 3025 3143 3224 3295 3455 3569 3602 3608 3609 3613 3616 3688 3750 3788 3789 3806 3882 3943 3956 3957 3971 4080 4191 4237 4287 4295 4331 4503 4533 4695 4811 
Fingerprint object
 name =   
 length =  4860 
 folded =  FALSE 
 source =  CDK 
 bits on =  297 341 344 368 375 376 401 444 447 466 504 551 647 654 669 1193 1452 1471 1566 1642 1798 2088 2186 2260 2547 2583 2673 2975 3025 3143 3224 3283 3455 3548 3569 3608 3609 3613 3616 3640 3645 3671 3682 3688 3692 3701 3704 3710 3737 3738 3744 3746 3788 3789 3806 3956 3957 3971 4032 4059 4067 4331 4503 4695 4821 
Fingerprint object
 name =   
 length =  4860 
 folded =  FALSE 
 source =  CDK 
 bits on =  1 14 68 92 102 297 466 504 647 654 669 1193 1256 1564 1566 2088 2186 2262 2265 2267 2547 2598 2673 2975 3025 3143 3224 3295 3402 3404 3455 3569 3608 3609 3613 3616 3640 3688 3750 3773 3775 3778 3781 3782 3786 3788 3789 3806 3882 3892 3926 3928 3932 3937 3942 3943 3948 3956 3957 3971 4080 4191 4237 4295 4331 4503 4533 4695 4811 
Fingerprint object
 name =   
 length =  4860 
 folded =  FALSE 
 source =  CDK 
 bits on =  1 14 16 93 297 466 504 506 507 647 654 669 677 678 683 839 886 1193 1256 1566 1591 1616 2088 2186 2259 2547 2598 2600 2673 2975 3025 3143 3224 3295 3415 3455 3569 3585 3608 3609 3613 3616 3682 3688 3750 3773 3775 3778 3781 3782 3786 3788 3789 3806 3821 3869 3882 3926 3928 3932 3942 3948 3956 3957 3971 4080 4191 4237 4287 4295 4331 4503 4533 4695 4811 
Fingerprint object
 name =   
 length =  4860 
 folded =  FALSE 
 source =  CDK 
 bits on =  1 214 297 298 341 344 346 493 582 588 1146 1642 1786 2259 2975 3150 3224 3402 3546 3640 3661 3692 3706 3712 3729 3733 3740 3750 3773 3821 3869 3882 3926 3937 4080 4264 4287 
Fingerprint object
 name =   
 length =  4860 
 folded =  FALSE 
 source =  CDK 
 bits on =  297 467 566 577 647 677 1564 1591 2547 2666 2703 2975 3591 3882 3956 4000 4080 4287 4331 4813 
Fingerprint object
 name =   
 length =  4860 
 folded =  FALSE 
 source =  CDK 
 bits on =  297 341 344 346 467 492 504 557 582 647 654 677 790 1139 1144 1145 1153 1193 1642 1645 2547 2673 2781 2855 2975 2977 3025 3224 3328 3455 3529 3542 3543 3596 3640 3682 3692 3704 3710 3750 3787 3788 3789 3882 3955 3956 3957 3959 3966 3971 4080 4081 4283 4286 4295 4320 4326 4328 4329 4331 4591 4680 4695 4813 4828 4843 4853 
Fingerprint object
 name =   
 length =  4860 
 folded =  FALSE 
 source =  CDK 
 bits on =  1 16 228 297 341 344 346 467 492 504 506 557 561 647 654 677 678 754 790 839 886 1139 1144 1145 1193 1256 1645 2547 2598 2673 2781 2855 2975 3025 3058 3224 3295 3328 3331 3402 3404 3455 3542 3543 3596 3640 3682 3692 3704 3710 3740 3742 3750 3773 3775 3778 3781 3782 3786 3787 3788 3789 3790 3800 3806 3882 3926 3928 3932 3937 3942 3948 3955 3956 3957 3959 3966 3971 4080 4191 4237 4283 4286 4295 4320 4326 4328 4329 4331 4533 4591 4680 4695 4811 4828 4843 4853 
Fingerprint object
 name =   
 length =  4860 
 folded =  FALSE 
 source =  CDK 
 bits on =  1 14 92 297 298 299 307 341 342 401 410 504 506 557 561 647 654 669 672 677 839 886 1147 1193 1256 1646 2380 2547 2598 2673 2934 2940 2975 3025 3224 3295 3328 3331 3369 3392 3393 3455 3536 3550 3580 3587 3590 3596 3602 3640 3654 3655 3656 3659 3671 3692 3697 3701 3706 3708 3709 3730 3737 3744 3750 3788 3789 3790 3795 3806 3882 3943 3956 3957 3959 3971 4080 4117 4191 4237 4265 4295 4331 4533 4695 4811 4833 
Fingerprint object
 name =   
 length =  4860 
 folded =  FALSE 
 source =  CDK 
 bits on =  1 14 92 297 298 299 307 341 342 401 410 504 506 557 561 647 654 669 677 839 886 890 992 1001 1193 1256 1263 1591 2547 2598 2673 2975 3025 3224 3295 3328 3331 3369 3392 3393 3455 3640 3654 3655 3656 3659 3671 3692 3697 3701 3706 3708 3709 3730 3737 3744 3750 3788 3789 3790 3795 3806 3882 3943 3956 3957 3959 3971 4080 4191 4237 4295 4331 4533 4695 4811 
Fingerprint object
 name =   
 length =  4860 
 folded =  FALSE 
 source =  CDK 
 bits on =  1 14 72 126 133 297 341 382 444 466 647 669 1153 1193 1932 2259 2547 2548 2584 2667 2673 2675 2975 2977 2986 3010 3025 3224 3328 3408 3410 3440 3455 3559 3560 3585 3591 3640 3641 3744 3788 3789 3790 3806 3821 3869 3956 3957 3959 3971 4000 4003 4005 4006 4080 4331 4610 4612 4695 4765 4770 4810 
Fingerprint object
 name =   
 length =  4860 
 folded =  FALSE 
 source =  CDK 
 bits on =  1 14 16 20 72 98 126 133 214 297 298 341 344 346 382 444 466 647 669 677 678 752 839 840 842 1193 1932 2259 2547 2548 2584 2667 2673 2675 2975 2986 3010 3025 3150 3224 3295 3328 3331 3402 3404 3408 3410 3434 3440 3455 3559 3560 3585 3591 3640 3647 3648 3649 3661 3662 3671 3692 3706 3712 3726 3729 3733 3735 3740 3742 3744 3750 3773 3775 3777 3778 3781 3782 3786 3788 3789 3790 3806 3821 3869 3882 3926 3928 3932 3937 3942 3946 3948 3956 3957 3959 3971 4000 4003 4005 4006 4080 4191 4237 4264 4295 4331 4533 4552 4610 4612 4695 4765 4770 4810 4811 
Fingerprint object
 name =   
 length =  4860 
 folded =  FALSE 
 source =  CDK 
 bits on =  297 341 401 403 458 504 506 647 654 665 677 839 1150 1193 1645 1776 2260 2547 2673 2855 2950 2969 2975 3025 3224 3295 3455 3525 3587 3590 3600 3640 3647 3671 3740 3750 3809 3882 3943 3956 3957 3971 4019 4026 4028 4032 4067 4080 4237 4257 4331 4642 4645 4695 4813 4843 4853 4858 
Fingerprint object
 name =   
 length =  4860 
 folded =  FALSE 
 source =  CDK 
 bits on =  1 14 92 297 298 299 307 341 342 401 410 504 506 557 561 647 654 669 677 839 886 1193 1256 1931 1990 2259 2547 2598 2673 2975 3025 3224 3295 3328 3331 3369 3392 3393 3455 3640 3654 3655 3656 3659 3671 3692 3697 3701 3706 3708 3709 3730 3737 3744 3750 3788 3789 3790 3795 3806 3821 3852 3854 3855 3856 3857 3858 3866 3867 3869 3873 3874 3882 3943 3956 3957 3959 3971 4080 4191 4237 4249 4250 4259 4267 4295 4331 4533 4695 4811 
Fingerprint object
 name =   
 length =  4860 
 folded =  FALSE 
 source =  CDK 
 bits on =  1 14 20 72 98 669 677 839 840 842 1013 1030 1193 1642 1645 1750 1756 2547 2548 2673 2781 2796 2855 2876 2975 3025 3224 3295 3408 3410 3434 3455 3541 3543 3550 3553 3596 3598 3640 3647 3671 3740 3750 3788 3789 3806 3882 3943 3956 3957 3971 4019 4020 4023 4026 4028 4080 4191 4237 4295 4331 4491 4533 4591 4645 4695 4811 4813 4843 4853 
Fingerprint object
 name =   
 length =  4860 
 folded =  FALSE 
 source =  CDK 
 bits on =  297 504 506 647 654 669 677 839 886 1193 1256 1564 1645 1756 2220 2547 2598 2673 2781 2796 2855 2876 2975 3025 3218 3224 3295 3455 3541 3543 3596 3598 3750 3788 3789 3806 3882 3956 3957 3971 4019 4020 4023 4026 4028 4080 4191 4237 4295 4331 4491 4533 4591 4645 4695 4811 4813 4843 4853 
Fingerprint object
 name =   
 length =  4860 
 folded =  FALSE 
 source =  CDK 
 bits on =  669 677 839 1104 1193 1500 1645 2034 2260 2262 2264 2265 2306 2308 2547 2667 2712 2975 3025 3200 3203 3882 3884 3887 3889 3926 3933 3942 3956 4000 4032 4067 4080 4193 4237 4273 4275 4331 4734 
Fingerprint object
 name =   
 length =  4860 
 folded =  FALSE 
 source =  CDK 
 bits on =  297 466 573 647 654 669 1150 1193 1566 1591 1615 2088 2186 2547 2673 2950 2969 2975 3025 3143 3224 3569 3573 3608 3609 3613 3616 3688 3956 3957 3971 4331 4503 4695 4812 4813 
Fingerprint object
 name =   
 length =  4860 
 folded =  FALSE 
 source =  CDK 
 bits on =  1 14 16 20 34 72 98 297 298 341 344 504 557 647 669 677 678 839 840 842 1193 1566 1583 2259 2547 2548 2598 2660 2673 2695 2975 3025 3224 3295 3328 3331 3408 3410 3415 3434 3455 3596 3640 3647 3648 3671 3682 3692 3704 3710 3733 3735 3740 3742 3750 3773 3775 3777 3778 3781 3782 3786 3788 3789 3790 3806 3821 3869 3882 3926 3928 3932 3942 3946 3948 3956 3957 3959 3967 3971 4000 4003 4080 4191 4237 4287 4295 4331 4533 4695 4765 4803 4804 4811 4829 
Fingerprint object
 name =   
 length =  4860 
 folded =  FALSE 
 source =  CDK 
 bits on =  297 341 344 346 467 492 504 506 557 561 647 654 677 790 839 886 1013 1049 1139 1144 1145 1193 1256 1642 1645 1798 2260 2547 2598 2673 2781 2855 2975 3025 3224 3295 3328 3331 3455 3542 3543 3596 3640 3682 3692 3704 3710 3750 3787 3788 3789 3790 3800 3806 3882 3943 3955 3956 3957 3959 3966 3971 4032 4062 4067 4080 4191 4237 4252 4283 4286 4295 4320 4326 4328 4329 4331 4533 4591 4680 4695 4811 4828 4843 4853 
Fingerprint object
 name =   
 length =  4860 
 folded =  FALSE 
 source =  CDK 
 bits on =  297 504 506 610 612 647 677 839 973 1193 1566 1926 1987 2259 2262 2265 2455 2547 2598 2975 3025 3224 3295 3302 3455 3750 3773 3775 3778 3781 3782 3783 3785 3786 3788 3821 3866 3869 3882 3892 3926 3928 3932 3942 3943 3945 3948 3956 4000 4080 4191 4237 4281 4286 4294 4295 4331 4422 4531 4811 
Fingerprint object
 name =   
 length =  4860 
 folded =  FALSE 
 source =  CDK 
 bits on =  1 14 34 91 297 298 299 341 401 403 458 466 504 506 647 654 665 669 677 839 886 973 1193 1256 1566 1645 2547 2598 2673 2855 2975 3025 3224 3295 3382 3455 3587 3590 3602 3640 3647 3671 3682 3692 3704 3740 3750 3788 3789 3806 3809 3882 3943 3956 3957 3971 4019 4026 4028 4080 4191 4237 4257 4295 4331 4533 4642 4645 4695 4811 4813 4843 4853 4858 
Fingerprint object
 name =   
 length =  4860 
 folded =  FALSE 
 source =  CDK 
 bits on =  1 14 20 73 98 297 341 344 346 354 355 362 363 364 382 383 387 388 466 467 480 663 665 669 677 766 839 840 842 1193 1281 2781 2855 2856 2975 3025 3224 3295 3455 3640 3647 3648 3671 3692 3706 3729 3733 3735 3740 3742 3750 3773 3775 3777 3781 3782 3809 3814 3815 3816 3882 3926 3928 3942 4019 4023 4080 4192 4237 4296 4331 4843 4856 
Fingerprint object
 name =   
 length =  4860 
 folded =  FALSE 
 source =  CDK 
 bits on =  297 466 504 554 608 610 612 630 647 654 669 1193 1256 1566 1568 2088 2186 2262 2264 2265 2308 2547 2598 2658 2673 2975 3025 3143 3224 3295 3455 3569 3596 3608 3609 3613 3616 3688 3750 3751 3773 3788 3789 3806 3882 3884 3889 3899 3926 3928 3932 3942 3948 3956 3957 3971 4080 4191 4237 4287 4295 4331 4503 4533 4695 4811 
Fingerprint object
 name =   
 length =  4860 
 folded =  FALSE 
 source =  CDK 
 bits on =  297 341 344 346 444 447 467 492 504 557 647 654 669 677 790 1139 1144 1145 1193 1642 1645 1750 2547 2592 2593 2673 2711 2741 2781 2855 2975 3025 3224 3328 3455 3542 3543 3560 3596 3640 3682 3692 3704 3710 3750 3787 3788 3789 3790 3800 3806 3882 3955 3956 3957 3959 3966 3971 4000 4080 4283 4286 4295 4320 4326 4328 4329 4331 4591 4680 4695 4828 4829 4830 4843 4853 
Fingerprint object
 name =   
 length =  4860 
 folded =  FALSE 
 source =  CDK 
 bits on =  1 16 216 297 298 341 344 346 467 492 504 506 557 561 647 654 677 678 753 790 839 886 1139 1144 1145 1193 1256 1645 2547 2598 2673 2781 2855 2975 3025 3149 3224 3295 3328 3331 3402 3404 3455 3542 3543 3596 3640 3661 3662 3682 3692 3704 3706 3710 3729 3733 3735 3740 3742 3750 3773 3775 3778 3781 3782 3786 3787 3788 3789 3790 3800 3806 3882 3926 3928 3932 3937 3942 3948 3955 3956 3957 3959 3966 3971 4080 4191 4237 4261 4283 4286 4295 4320 4326 4328 4329 4331 4533 4591 4680 4695 4811 4828 4843 4853 
Fingerprint object
 name =   
 length =  4860 
 folded =  FALSE 
 source =  CDK 
 bits on =  1 2 14 20 72 92 126 133 297 341 382 444 466 647 669 677 839 840 841 908 1146 1193 1405 1932 2259 2547 2548 2584 2667 2673 2675 2975 2986 3010 3025 3224 3295 3328 3331 3332 3369 3385 3390 3399 3400 3408 3410 3434 3440 3455 3559 3560 3585 3591 3640 3647 3648 3659 3671 3692 3693 3701 3733 3735 3740 3742 3744 3746 3750 3773 3779 3781 3788 3789 3790 3806 3821 3869 3882 3926 3928 3932 3933 3942 3946 3948 3956 3957 3959 3971 4000 4003 4005 4006 4080 4191 4193 4197 4237 4295 4331 4533 4558 4610 4612 4695 4765 4770 4810 4811 4826 
Fingerprint object
 name =   
 length =  4860 
 folded =  FALSE 
 source =  CDK 
 bits on =  1 14 92 297 298 299 307 341 342 401 410 504 506 557 561 647 654 669 672 677 839 886 1147 1193 1256 1645 1787 2259 2380 2547 2598 2673 2913 2934 2940 2975 3025 3224 3295 3328 3331 3369 3392 3393 3455 3640 3654 3655 3656 3659 3671 3692 3697 3701 3706 3708 3709 3730 3737 3744 3750 3788 3789 3790 3795 3806 3821 3867 3869 3882 3943 3956 3957 3959 3971 4080 4117 4191 4237 4250 4259 4265 4295 4331 4533 4695 4811 4833 
Fingerprint object
 name =   
 length =  4860 
 folded =  FALSE 
 source =  CDK 
 bits on =  1 14 92 297 298 299 307 341 342 401 410 504 506 557 561 647 654 669 677 839 886 1193 1256 2259 2547 2598 2673 2975 3025 3224 3295 3328 3331 3369 3392 3393 3455 3608 3640 3654 3655 3656 3659 3671 3692 3697 3701 3706 3708 3709 3730 3737 3744 3750 3788 3789 3790 3795 3806 3821 3876 3882 3956 3957 3959 3971 4080 4191 4237 4269 4295 4331 4533 4695 4811 
Fingerprint object
 name =   
 length =  4860 
 folded =  FALSE 
 source =  CDK 
 bits on =  297 341 383 387 390 467 480 483 504 506 610 665 669 677 839 887 1154 1156 1160 1173 1193 1642 1672 1673 2262 2265 2473 2855 2870 2886 2975 3025 3224 3295 3349 3369 3382 3455 3640 3682 3750 3751 3752 3773 3775 3781 3782 3809 3816 3819 3882 3884 3889 3926 3928 3942 4019 4026 4028 4080 4192 4224 4237 4238 4294 4296 4331 4424 4545 4557 4843 4853 4856 
Fingerprint object
 name =   
 length =  4860 
 folded =  FALSE 
 source =  CDK 
 bits on =  1 14 92 297 298 299 307 341 342 401 410 504 557 647 654 669 1148 1193 1645 1847 2547 2673 2949 2975 3025 3224 3328 3369 3392 3393 3455 3495 3496 3640 3654 3655 3659 3671 3692 3697 3701 3706 3708 3709 3730 3737 3744 3788 3789 3956 3957 3959 3971 4331 4394 4410 4695 
Fingerprint object
 name =   
 length =  4860 
 folded =  FALSE 
 source =  CDK 
 bits on =  297 341 344 362 375 376 382 444 447 466 504 506 557 561 647 654 669 677 839 886 1013 1021 1193 1256 1452 1513 1566 1583 1642 2259 2547 2582 2598 2660 2661 2673 2695 2975 3025 3224 3295 3328 3331 3455 3550 3553 3640 3692 3737 3738 3744 3746 3750 3788 3789 3790 3806 3821 3869 3882 3943 3956 3957 3959 3967 3971 4000 4003 4080 4191 4237 4243 4245 4295 4331 4533 4632 4645 4695 4765 4803 4804 4811 4813 4829 
Fingerprint object
 name =   
 length =  4860 
 folded =  FALSE 
 source =  CDK 
 bits on =  297 504 506 647 654 669 677 821 822 826 829 839 886 1154 1156 1160 1173 1193 1256 1311 1313 1642 1663 1786 2259 2547 2598 2673 2975 3025 3161 3197 3224 3295 3353 3355 3369 3402 3404 3455 3611 3640 3750 3773 3775 3778 3781 3782 3786 3788 3789 3806 3821 3869 3882 3926 3928 3932 3936 3937 3942 3948 3956 3957 3971 4080 4191 4237 4295 4331 4501 4533 4653 4695 4811 
Fingerprint object
 name =   
 length =  4860 
 folded =  FALSE 
 source =  CDK 
 bits on =  1 14 20 72 98 126 133 297 341 382 444 466 647 669 1146 1193 1405 1932 2259 2547 2548 2584 2667 2673 2675 2975 2986 3010 3025 3224 3295 3328 3331 3408 3410 3434 3440 3455 3559 3560 3585 3591 3640 3647 3671 3740 3744 3750 3788 3789 3790 3806 3821 3869 3882 3956 3957 3959 3971 4000 4003 4005 4006 4080 4191 4237 4295 4331 4533 4610 4612 4695 4765 4770 4810 4811 
Fingerprint object
 name =   
 length =  4860 
 folded =  FALSE 
 source =  CDK 
 bits on =  1 14 92 297 298 299 307 341 342 401 410 504 557 561 596 647 654 669 1193 1256 1645 1895 2547 2598 2673 2712 2975 3025 3222 3224 3328 3331 3369 3392 3393 3455 3559 3560 3572 3591 3640 3654 3655 3656 3659 3671 3692 3697 3701 3706 3708 3709 3730 3737 3744 3788 3789 3790 3795 3806 3956 3957 3959 3971 4000 4005 4331 4533 4695 4770 4811 
Fingerprint object
 name =   
 length =  4860 
 folded =  FALSE 
 source =  CDK 
 bits on =  297 504 506 557 561 647 654 669 677 839 886 1090 1193 1256 1566 1583 1932 2084 2259 2547 2598 2660 2661 2673 2695 2975 3025 3224 3295 3328 3331 3455 3510 3550 3553 3574 3577 3602 3750 3788 3789 3790 3806 3821 3869 3882 3943 3956 3957 3959 3967 3971 4000 4003 4080 4191 4237 4295 4331 4533 4695 4765 4803 4804 4811 4829 
Fingerprint object
 name =   
 length =  4860 
 folded =  FALSE 
 source =  CDK 
 bits on =  297 341 344 346 467 492 504 554 557 561 647 654 669 677 790 1139 1144 1145 1193 1256 1564 1645 2262 2264 2265 2267 2308 2310 2547 2598 2658 2673 2781 2855 2975 3025 3224 3295 3328 3331 3455 3542 3543 3596 3640 3682 3692 3704 3710 3750 3773 3787 3788 3789 3790 3800 3806 3882 3892 3926 3928 3932 3942 3943 3948 3955 3956 3957 3959 3966 3971 4080 4191 4237 4283 4286 4295 4320 4326 4328 4329 4331 4533 4591 4680 4695 4811 4828 4843 4853 
Fingerprint object
 name =   
 length =  4860 
 folded =  FALSE 
 source =  CDK 
 bits on =  1 18 228 297 504 506 647 669 677 821 822 839 886 1150 1153 1154 1156 1193 1311 1566 1572 2547 2598 2695 2950 2969 2975 2977 3025 3058 3224 3295 3353 3355 3369 3396 3398 3402 3404 3455 3640 3641 3659 3661 3662 3676 3692 3706 3733 3735 3740 3742 3750 3773 3775 3778 3781 3782 3786 3788 3882 3926 3928 3932 3936 3937 3942 3948 3956 4000 4080 4191 4237 4295 4331 4759 4811 
Fingerprint object
 name =   
 length =  4860 
 folded =  FALSE 
 source =  CDK 
 bits on =  1 16 228 297 504 506 647 677 678 754 839 886 1150 1193 1566 1572 2547 2598 2695 2950 2969 2975 3025 3058 3224 3295 3402 3404 3455 3640 3740 3742 3750 3773 3775 3778 3781 3782 3786 3788 3882 3926 3928 3932 3937 3942 3948 3956 4000 4080 4191 4237 4295 4331 4759 4811 
Fingerprint object
 name =   
 length =  4860 
 folded =  FALSE 
 source =  CDK 
 bits on =  1 20 33 669 1193 1524 1564 2547 2667 2673 2975 3025 3224 3328 3415 3455 3682 3750 3788 3789 3882 3956 3957 3959 3966 3971 4080 4283 4286 4287 4295 4331 4516 4659 4695 4820 
Fingerprint object
 name =   
 length =  4860 
 folded =  FALSE 
 source =  CDK 
 bits on =  297 504 506 665 669 677 839 887 1154 1156 1160 1173 1193 1564 1642 1672 1673 2220 2855 2870 2886 2975 3025 3218 3224 3295 3349 3369 3382 3455 3640 3682 3750 3809 3882 4019 4026 4028 4080 4192 4237 4296 4331 4843 4853 4856 
Fingerprint object
 name =   
 length =  4860 
 folded =  FALSE 
 source =  CDK 
 bits on =  1 14 92 297 298 299 307 341 342 344 346 401 410 504 506 557 561 647 654 669 677 821 823 839 886 967 1124 1154 1193 1256 1538 2262 2265 2474 2547 2598 2673 2975 3025 3150 3224 3295 3303 3325 3328 3331 3353 3355 3369 3375 3392 3393 3396 3398 3402 3404 3418 3455 3593 3640 3647 3648 3651 3653 3654 3655 3656 3659 3660 3661 3662 3671 3692 3693 3697 3701 3706 3707 3708 3709 3712 3713 3717 3718 3719 3721 3726 3729 3730 3733 3735 3737 3740 3742 3744 3750 3773 3779 3781 3788 3789 3790 3795 3806 3882 3926 3928 3933 3936 3937 3942 3945 3949 3953 3956 3957 3959 3971 4080 4169 4191 4193 4197 4201 4237 4264 4281 4286 4294 4295 4301 4314 4315 4317 4331 4433 4495 4531 4533 4552 4579 4695 4802 4811 
Fingerprint object
 name =   
 length =  4860 
 folded =  FALSE 
 source =  CDK 
 bits on =  1 14 16 20 72 98 228 297 466 669 677 678 754 839 840 842 1193 1566 2088 2186 2547 2548 2673 2975 3025 3058 3143 3224 3295 3402 3404 3408 3410 3434 3455 3569 3608 3609 3613 3616 3640 3647 3648 3649 3671 3688 3740 3742 3750 3773 3775 3777 3778 3781 3782 3786 3788 3789 3806 3882 3926 3928 3932 3937 3942 3946 3948 3956 3957 3971 4080 4191 4237 4295 4331 4503 4533 4695 4811 
Fingerprint object
 name =   
 length =  4860 
 folded =  FALSE 
 source =  CDK 
 bits on =  1 14 20 27 72 98 297 341 401 403 458 504 506 665 669 677 839 1193 1452 1642 1645 1811 2547 2548 2667 2673 2711 2721 2855 2975 3025 3224 3281 3283 3295 3408 3410 3455 3560 3587 3590 3640 3645 3647 3671 3681 3682 3703 3704 3740 3750 3788 3789 3806 3809 3882 3943 3956 3957 3971 4000 4019 4026 4028 4080 4237 4257 4331 4533 4642 4645 4695 4717 4778 4811 4813 4820 4843 4853 4858 
Fingerprint object
 name =   
 length =  4860 
 folded =  FALSE 
 source =  CDK 
 bits on =  1 14 72 669 1153 1193 1484 1564 1642 1750 2015 2547 2548 2673 2975 2977 3025 3168 3181 3224 3408 3410 3640 3641 3788 3789 3806 3956 3957 3971 4080 4331 4695 
Fingerprint object
 name =   
 length =  4860 
 folded =  FALSE 
 source =  CDK 
 bits on =  297 341 383 387 390 392 467 480 483 486 504 506 557 561 610 647 654 665 677 839 886 1193 1256 1566 1583 2259 2262 2265 2547 2598 2660 2661 2673 2695 2855 2870 2882 2975 3025 3224 3295 3328 3331 3455 3750 3751 3752 3756 3773 3775 3778 3781 3782 3786 3788 3789 3790 3806 3809 3816 3821 3869 3882 3884 3889 3926 3928 3932 3942 3948 3956 3957 3959 3967 3971 4000 4003 4019 4080 4191 4192 4208 4237 4294 4295 4296 4331 4533 4557 4695 4765 4803 4804 4811 4829 4843 4852 4856 
Fingerprint object
 name =   
 length =  4860 
 folded =  FALSE 
 source =  CDK 
 bits on =  1 14 16 18 93 297 298 504 506 507 557 561 647 654 669 677 678 683 839 886 1154 1193 1256 1546 1566 1583 2259 2547 2598 2600 2660 2661 2673 2695 2975 3025 3040 3150 3152 3224 3295 3328 3331 3336 3369 3388 3394 3396 3398 3402 3404 3455 3473 3593 3640 3657 3659 3660 3661 3662 3672 3692 3706 3712 3717 3719 3722 3726 3729 3733 3735 3740 3742 3750 3773 3775 3778 3781 3782 3786 3788 3789 3790 3806 3821 3869 3882 3926 3928 3932 3937 3942 3948 3956 3957 3959 3967 3971 4000 4003 4080 4191 4237 4295 4331 4533 4695 4765 4803 4804 4811 4829 
Fingerprint object
 name =   
 length =  4860 
 folded =  FALSE 
 source =  CDK 
 bits on =  1 216 297 298 341 344 493 573 1146 1150 1591 1615 2950 2969 2975 3149 3224 3402 3573 3640 3661 3692 3706 3729 3733 3740 3750 3773 3882 3926 3937 4080 4261 4287 
Fingerprint object
 name =   
 length =  4860 
 folded =  FALSE 
 source =  CDK 
 bits on =  126 133 297 341 382 444 466 504 506 647 654 659 669 677 839 886 924 931 1193 1256 1520 1932 2259 2547 2584 2595 2598 2606 2667 2673 2675 2975 2986 3010 3025 3224 3295 3328 3331 3332 3440 3455 3559 3560 3585 3591 3640 3744 3750 3773 3781 3788 3789 3790 3803 3806 3821 3869 3882 3926 3928 3932 3934 3942 3948 3956 3957 3959 3968 3971 4000 4003 4005 4006 4080 4191 4205 4237 4295 4331 4533 4558 4610 4612 4695 4765 4770 4779 4810 4811 4826 
Fingerprint object
 name =   
 length =  4860 
 folded =  FALSE 
 source =  CDK 
 bits on =  1 14 16 93 297 504 506 507 557 561 647 654 669 677 678 683 839 886 1193 1256 1566 1583 1645 1652 1756 1758 2259 2547 2598 2600 2660 2661 2673 2695 2975 3025 3224 3295 3328 3331 3415 3455 3528 3529 3574 3596 3682 3750 3773 3775 3778 3781 3782 3786 3788 3789 3790 3806 3821 3869 3882 3926 3928 3932 3942 3948 3956 3957 3959 3967 3971 4000 4003 4080 4191 4237 4287 4295 4331 4533 4695 4765 4803 4804 4811 4829 
Fingerprint object
 name =   
 length =  4860 
 folded =  FALSE 
 source =  CDK 
 bits on =  297 504 506 557 561 647 654 677 839 886 1193 1256 1426 1564 1566 1583 2259 2547 2598 2660 2661 2673 2695 2975 3025 3224 3295 3328 3331 3332 3455 3750 3773 3781 3788 3789 3790 3806 3821 3869 3882 3926 3928 3932 3942 3948 3956 3957 3959 3967 3971 4000 4003 4080 4191 4237 4287 4295 4331 4533 4558 4695 4765 4803 4804 4811 4826 4829 
Fingerprint object
 name =   
 length =  4860 
 folded =  FALSE 
 source =  CDK 
 bits on =  297 341 344 504 506 665 677 839 887 1153 1193 1592 2101 2242 2259 2855 2870 2975 2977 3025 3161 3224 3295 3455 3611 3619 3620 3640 3750 3809 3821 3866 3869 3882 4019 4028 4080 4192 4237 4296 4331 4843 4853 4856 
Fingerprint object
 name =   
 length =  4860 
 folded =  FALSE 
 source =  CDK 
 bits on =  1 2 14 16 212 297 298 299 341 344 346 467 492 504 506 557 561 647 654 669 677 678 790 839 886 1139 1144 1145 1193 1256 1645 2547 2598 2673 2781 2855 2975 3025 3150 3224 3295 3328 3331 3369 3396 3398 3402 3404 3455 3542 3543 3593 3596 3640 3659 3660 3661 3662 3682 3692 3704 3706 3710 3712 3719 3726 3729 3733 3735 3740 3742 3750 3773 3775 3778 3781 3782 3786 3787 3788 3789 3790 3800 3806 3882 3926 3928 3932 3937 3942 3948 3955 3956 3957 3959 3966 3971 4080 4191 4237 4264 4283 4286 4295 4320 4326 4328 4329 4331 4533 4552 4591 4680 4695 4811 4828 4843 4853 
Fingerprint object
 name =   
 length =  4860 
 folded =  FALSE 
 source =  CDK 
 bits on =  1 297 504 506 557 561 647 654 677 839 886 1013 1055 1193 1256 1566 1583 1642 2259 2260 2547 2548 2561 2598 2660 2661 2673 2695 2711 2975 3025 3224 3295 3328 3331 3455 3750 3788 3789 3790 3806 3821 3869 3882 3943 3956 3957 3959 3967 3971 4000 4003 4032 4080 4191 4237 4254 4295 4331 4533 4692 4695 4735 4765 4803 4804 4811 4829 
