Fingerprint object
 name =   
 length =  881 
 folded =  FALSE 
 source =  CDK 
 bits on =  10 11 12 13 15 16 19 20 21 179 183 184 185 186 190 193 284 285 286 287 300 333 334 341 345 347 352 353 356 357 358 359 367 371 372 375 377 378 381 385 386 387 388 391 393 394 397 404 406 417 419 421 431 432 435 438 440 441 442 443 444 447 450 452 453 454 463 465 471 473 483 491 494 496 503 507 517 521 524 525 531 536 538 539 540 546 547 549 550 553 554 556 557 565 567 571 574 575 577 578 579 580 581 583 585 586 593 594 595 596 598 600 601 604 605 606 608 609 614 615 616 619 620 624 625 629 634 635 638 641 642 644 646 656 657 658 660 661 665 666 667 669 672 673 674 678 679 680 681 683 684 685 686 689 690 693 697 698 699 705 709 710 711 713 759 822 
Fingerprint object
 name =   
 length =  881 
 folded =  FALSE 
 source =  CDK 
 bits on =  10 11 12 13 15 19 20 24 179 183 184 185 186 190 193 284 285 286 287 288 333 334 341 342 345 347 352 353 356 357 358 359 365 367 371 372 375 377 378 381 385 386 387 388 391 397 404 406 417 419 421 431 432 433 435 438 441 442 443 444 447 450 453 454 465 471 473 483 491 494 496 503 507 517 521 524 525 531 536 539 540 546 547 549 550 553 554 556 557 565 571 574 575 577 578 579 580 583 585 586 593 595 596 598 600 601 604 605 608 609 614 615 619 620 624 629 634 635 638 641 642 656 657 658 661 665 666 667 669 672 673 678 679 680 681 683 684 685 686 687 689 690 693 697 698 699 700 705 709 710 711 713 759 822 
Fingerprint object
 name =   
 length =  881 
 folded =  FALSE 
 source =  CDK 
 bits on =  10 11 12 13 15 16 19 20 179 183 184 185 186 190 193 284 285 286 287 333 334 339 341 345 346 347 352 353 356 357 358 359 366 367 371 372 375 377 378 381 385 386 387 388 391 392 397 404 406 417 419 421 431 432 435 438 440 441 442 443 444 447 450 452 453 454 463 465 471 473 483 491 494 496 503 507 517 521 524 525 531 536 538 539 540 541 546 547 549 550 553 554 556 557 565 567 571 574 575 577 578 579 580 583 585 586 593 595 596 598 600 601 604 605 606 608 609 614 615 616 619 620 624 629 634 635 638 641 642 646 647 656 657 658 660 661 665 666 667 669 672 678 679 680 681 683 684 685 686 689 690 693 697 698 699 705 709 710 711 713 759 822 
Fingerprint object
 name =   
 length =  881 
 folded =  FALSE 
 source =  CDK 
 bits on =  10 11 12 13 15 16 19 20 38 179 183 184 185 186 190 193 284 285 286 287 295 300 333 334 339 341 343 345 346 347 352 353 356 357 358 359 363 366 367 371 372 375 377 378 381 385 386 387 388 391 393 394 397 404 406 417 419 421 431 432 435 438 440 441 442 443 444 447 450 452 453 454 463 465 471 473 483 491 494 496 502 503 504 507 517 521 524 525 529 531 536 538 539 540 541 546 547 549 550 551 553 554 556 557 565 567 571 574 575 577 578 579 580 583 585 586 592 593 595 596 598 599 600 601 604 605 606 608 609 614 615 616 619 620 624 629 634 635 638 641 642 644 646 647 656 657 658 660 661 665 666 667 669 672 678 679 680 681 683 684 685 686 689 690 693 697 698 699 705 709 710 711 713 739 759 802 822 
Fingerprint object
 name =   
 length =  881 
 folded =  FALSE 
 source =  CDK 
 bits on =  10 11 12 15 38 179 180 183 186 284 285 286 295 300 333 334 339 341 343 345 346 352 356 357 363 366 371 372 385 391 393 394 417 431 435 442 447 465 471 491 502 504 517 521 525 529 541 550 551 553 557 565 571 579 583 585 592 593 596 599 600 604 608 609 614 619 629 634 635 641 644 657 661 665 669 678 679 680 684 689 709 710 711 718 781 
Fingerprint object
 name =   
 length =  881 
 folded =  FALSE 
 source =  CDK 
 bits on =  10 11 12 15 16 17 19 144 149 150 179 183 186 190 284 285 286 287 300 301 333 334 342 345 346 347 352 353 356 357 366 367 371 372 376 380 382 383 385 390 391 393 394 406 417 419 423 431 435 442 447 451 465 471 477 487 491 499 517 518 520 521 525 529 541 542 543 549 550 553 557 561 565 566 571 574 575 579 583 585 590 593 595 596 597 600 604 605 607 608 609 614 615 619 620 621 627 629 633 634 635 636 638 641 642 652 655 656 661 665 667 669 678 679 680 681 683 684 689 690 699 700 709 710 711 736 799 
Fingerprint object
 name =   
 length =  881 
 folded =  FALSE 
 source =  CDK 
 bits on =  10 11 12 13 15 16 19 20 21 34 179 183 186 190 193 197 284 285 286 287 294 300 306 333 334 345 346 347 352 353 354 356 357 366 367 371 372 381 384 385 394 406 415 417 420 421 430 431 435 441 442 444 447 453 458 460 466 467 471 484 491 517 521 525 529 532 533 537 549 553 557 565 567 569 571 574 575 579 583 585 595 596 600 604 605 609 615 616 619 620 635 638 641 642 656 661 665 667 669 677 678 679 680 681 689 690 697 699 700 709 710 711 713 714 716 737 756 777 779 800 819 
Fingerprint object
 name =   
 length =  881 
 folded =  FALSE 
 source =  CDK 
 bits on =  10 11 12 13 15 16 19 20 21 34 116 117 179 183 186 190 284 285 286 287 294 300 306 333 334 339 341 345 346 347 352 353 354 356 357 366 367 371 372 381 384 385 391 393 394 406 415 417 421 431 435 440 441 442 444 447 452 453 458 460 463 466 471 484 491 517 521 525 529 532 533 537 538 541 553 557 565 567 571 579 583 585 596 600 604 606 609 614 615 616 619 635 641 644 646 647 657 660 661 665 669 678 679 680 689 697 709 710 711 713 716 737 756 779 800 819 
Fingerprint object
 name =   
 length =  881 
 folded =  FALSE 
 source =  CDK 
 bits on =  10 11 12 13 15 16 19 20 21 179 183 284 285 286 287 300 302 333 334 336 341 345 347 352 353 356 357 367 371 372 375 377 378 381 385 391 393 394 396 402 406 417 421 424 431 435 438 440 441 442 444 447 450 452 453 455 456 463 465 471 491 496 503 515 517 521 525 536 538 546 547 548 550 553 557 559 565 567 570 571 579 580 583 585 586 593 596 600 601 604 606 608 609 612 614 615 616 619 629 634 635 638 641 644 646 649 657 658 660 661 665 666 669 678 679 680 681 684 685 689 697 709 710 711 713 717 738 756 759 771 780 801 819 822 834 
Fingerprint object
 name =   
 length =  881 
 folded =  FALSE 
 source =  CDK 
 bits on =  10 11 12 13 15 16 19 20 21 179 183 284 285 286 287 300 333 334 336 341 345 347 352 353 356 367 371 372 375 377 378 381 385 391 393 394 406 417 421 435 438 440 441 442 444 447 450 452 453 463 465 471 491 496 503 517 521 525 536 538 546 547 550 553 557 565 567 571 579 580 583 585 586 593 594 596 600 601 602 604 606 608 609 614 615 616 619 629 634 635 638 641 644 646 657 658 660 661 665 666 669 678 679 680 681 684 685 709 710 750 813 
Fingerprint object
 name =   
 length =  881 
 folded =  FALSE 
 source =  CDK 
 bits on =  10 11 12 13 15 19 20 21 38 179 183 284 285 286 287 295 333 334 340 342 343 345 347 352 353 356 357 363 367 371 372 375 381 382 383 385 406 417 420 421 430 431 435 441 442 444 447 453 471 477 491 499 502 504 506 517 521 525 542 543 545 549 551 552 553 554 557 565 566 568 569 571 574 575 579 583 584 585 590 592 595 596 599 600 604 605 607 609 615 619 620 621 627 631 633 635 638 641 642 652 656 661 663 665 667 669 672 673 678 679 680 681 689 690 700 709 710 711 715 736 739 744 762 765 778 799 802 807 825 828 
Fingerprint object
 name =   
 length =  881 
 folded =  FALSE 
 source =  CDK 
 bits on =  10 11 12 13 15 19 20 21 38 179 180 183 186 284 285 286 287 295 300 333 334 339 340 341 342 343 345 346 347 352 353 356 357 363 366 367 371 372 375 381 382 383 385 391 393 394 406 417 421 431 435 440 441 442 444 447 452 453 463 471 477 491 499 502 504 506 517 521 525 529 536 538 541 542 543 545 549 551 552 553 554 557 565 566 567 568 571 574 575 579 583 584 585 590 592 593 595 596 599 600 604 605 606 607 609 614 615 616 619 620 621 627 631 633 635 638 641 642 644 646 647 652 656 657 660 661 663 665 667 669 672 673 678 679 680 681 684 689 690 700 709 710 711 715 736 739 744 762 765 778 799 802 807 825 828 
Fingerprint object
 name =   
 length =  881 
 folded =  FALSE 
 source =  CDK 
 bits on =  10 11 12 13 15 19 20 24 34 44 179 183 186 190 214 219 220 284 285 286 287 288 294 298 300 328 329 331 333 334 341 345 347 350 352 353 354 356 357 365 367 369 371 372 377 378 381 384 385 391 393 394 406 413 417 421 431 435 438 440 441 442 444 447 450 452 453 465 471 491 494 496 501 503 508 510 517 521 525 532 533 534 536 546 547 549 550 553 554 555 557 565 571 574 575 579 580 583 585 586 587 593 595 596 598 600 601 604 605 608 609 614 615 619 620 624 629 634 635 638 641 642 644 646 656 657 658 659 661 665 666 667 669 671 672 673 676 678 679 680 681 683 684 685 686 689 690 693 699 705 709 710 711 716 719 738 768 779 782 801 831 
Fingerprint object
 name =   
 length =  881 
 folded =  FALSE 
 source =  CDK 
 bits on =  10 11 12 15 19 20 38 39 179 183 284 285 286 287 295 300 333 334 336 341 343 345 347 352 353 356 363 367 371 372 375 377 378 381 385 391 393 394 406 417 421 435 438 440 441 442 444 447 450 452 453 463 465 471 491 496 502 503 504 521 525 527 530 536 538 546 547 550 551 553 557 565 567 571 579 580 583 585 586 592 593 596 599 601 604 606 608 609 610 614 615 616 619 629 634 635 638 641 644 646 657 658 660 661 665 666 669 678 679 680 681 684 685 709 710 730 732 751 753 772 774 793 795 814 816 835 837 
Fingerprint object
 name =   
 length =  881 
 folded =  FALSE 
 source =  CDK 
 bits on =  10 11 12 13 15 19 20 21 34 179 183 186 190 284 285 286 287 294 300 333 334 340 341 342 345 347 352 353 354 356 357 367 369 371 372 375 377 378 381 384 385 391 393 394 406 413 415 417 421 431 435 438 440 441 442 444 447 450 452 453 458 460 463 465 466 471 491 494 496 501 503 508 517 521 525 532 533 536 538 546 547 549 550 553 554 557 565 567 571 574 575 579 580 583 585 586 587 593 595 596 598 600 601 604 605 606 608 609 614 615 616 619 620 624 629 634 635 638 641 642 644 646 656 657 658 660 661 665 666 667 669 672 673 678 679 680 681 684 685 689 690 693 697 699 705 709 710 711 713 716 717 737 756 779 780 800 819 
Fingerprint object
 name =   
 length =  881 
 folded =  FALSE 
 source =  CDK 
 bits on =  10 11 12 13 15 16 19 20 21 34 144 149 150 179 183 186 190 284 285 286 287 294 300 301 333 334 345 347 352 353 354 356 357 359 367 369 371 372 375 376 380 381 384 385 391 393 394 406 410 413 415 417 419 421 423 431 435 440 441 442 443 444 447 451 452 453 458 460 463 465 466 468 471 487 491 493 494 501 508 516 517 518 519 520 521 525 531 532 533 536 538 539 549 550 553 554 556 557 560 561 565 567 571 574 575 577 579 580 583 585 587 593 595 596 597 598 600 604 605 606 608 609 613 615 616 619 620 624 634 635 636 638 641 642 644 645 646 648 651 655 656 660 661 665 667 669 672 673 678 679 680 681 684 685 689 690 693 697 699 705 709 710 711 713 716 737 756 779 800 819 
Fingerprint object
 name =   
 length =  881 
 folded =  FALSE 
 source =  CDK 
 bits on =  10 11 12 15 16 19 20 24 34 144 149 150 179 183 284 285 286 287 288 294 300 333 334 341 342 345 350 352 353 354 356 357 358 359 365 366 367 369 371 372 375 376 377 380 382 383 384 385 388 391 392 393 394 397 404 406 413 417 419 421 422 431 432 435 438 442 443 447 450 451 452 454 465 471 473 474 475 476 477 481 483 485 488 490 491 496 499 501 503 507 508 509 512 517 520 521 525 531 532 534 539 540 541 542 543 547 549 550 553 556 557 561 565 566 571 574 575 577 579 583 585 587 590 593 595 596 600 604 605 607 608 609 614 619 620 627 629 634 635 637 638 639 641 642 647 648 652 655 656 661 665 667 669 675 678 679 680 681 684 689 690 697 699 709 710 711 757 820 
Fingerprint object
 name =   
 length =  881 
 folded =  FALSE 
 source =  CDK 
 bits on =  10 11 12 13 15 19 20 44 179 183 184 185 186 190 193 284 285 286 287 298 328 329 331 333 334 341 345 347 352 353 356 357 358 359 367 371 372 375 377 378 381 385 386 387 388 391 397 404 406 417 419 421 431 432 435 438 441 442 443 444 447 450 453 454 465 471 473 483 491 494 496 503 507 510 517 521 524 525 531 536 539 540 546 547 549 550 553 554 555 556 557 565 571 574 575 577 578 579 580 583 585 586 593 595 596 598 600 601 604 605 608 609 614 615 619 620 624 629 634 635 638 641 642 656 657 658 661 665 666 667 669 671 672 676 678 679 680 681 683 684 685 686 689 690 693 697 698 699 705 709 710 711 713 740 759 803 822 
Fingerprint object
 name =   
 length =  881 
 folded =  FALSE 
 source =  CDK 
 bits on =  10 11 12 13 15 19 20 21 38 179 180 183 186 190 193 284 285 286 287 295 300 333 334 339 340 341 342 343 345 346 347 352 353 356 357 363 366 367 371 372 375 381 382 383 385 391 393 394 406 417 421 431 435 440 441 442 444 447 452 453 463 465 471 477 491 499 502 504 506 517 521 525 529 536 538 541 542 543 549 550 551 552 553 557 565 566 567 568 571 574 575 579 583 584 585 590 592 593 595 596 599 600 604 605 606 607 608 609 614 615 616 619 620 621 627 629 633 634 635 638 641 642 644 646 647 652 656 657 660 661 663 665 667 669 678 679 680 681 684 689 690 697 709 710 711 713 756 765 801 819 822 828 
Fingerprint object
 name =   
 length =  881 
 folded =  FALSE 
 source =  CDK 
 bits on =  10 11 12 13 15 16 19 20 21 24 34 179 183 186 190 193 197 284 285 286 287 288 294 300 306 333 334 341 345 346 347 352 353 354 356 357 365 366 367 371 372 377 378 381 384 385 391 393 394 406 415 417 421 431 435 438 440 441 442 444 447 450 452 453 458 460 463 465 466 471 484 491 496 503 517 521 525 529 532 533 537 538 546 547 550 553 557 565 567 571 579 583 585 586 593 596 600 601 604 606 608 609 614 615 616 619 629 634 635 641 644 646 657 658 660 661 665 666 669 678 679 680 684 689 697 709 710 711 713 716 737 756 779 800 819 
Fingerprint object
 name =   
 length =  881 
 folded =  FALSE 
 source =  CDK 
 bits on =  10 11 12 13 15 16 19 20 38 39 179 181 182 183 186 190 193 284 285 286 287 295 300 333 341 342 343 345 346 347 352 353 356 363 366 367 371 372 377 378 382 383 385 391 392 393 394 406 417 421 435 438 440 442 444 447 450 452 463 465 471 477 491 496 499 502 503 504 517 521 525 537 538 541 542 543 546 547 548 549 550 551 553 557 565 566 567 570 571 574 575 579 583 585 586 590 592 593 595 596 599 600 601 603 604 605 606 607 608 609 612 614 615 616 619 620 621 627 629 633 634 635 638 641 642 644 646 647 652 656 657 658 660 661 665 666 667 669 678 679 680 681 684 690 744 753 771 807 816 834 
Fingerprint object
 name =   
 length =  881 
 folded =  FALSE 
 source =  CDK 
 bits on =  10 11 12 13 15 16 19 20 21 34 179 183 186 190 214 219 220 284 285 286 287 294 300 333 334 336 341 345 347 350 352 353 354 356 357 367 369 371 372 375 377 378 381 384 385 391 393 394 406 413 417 421 431 435 438 440 441 442 444 447 450 452 453 463 465 471 491 494 496 501 503 508 517 521 525 532 533 534 536 538 546 547 549 550 553 554 557 565 567 571 574 575 579 580 583 585 586 587 593 595 596 598 600 601 604 605 606 608 609 614 615 616 619 620 624 629 634 635 638 641 642 644 646 656 657 658 659 660 661 665 666 667 669 672 673 678 679 680 681 683 684 685 686 689 690 693 697 698 699 705 709 710 711 713 716 738 759 768 779 801 822 831 
Fingerprint object
 name =   
 length =  881 
 folded =  FALSE 
 source =  CDK 
 bits on =  10 11 12 15 16 19 20 21 34 144 149 150 284 285 286 287 294 300 302 333 345 346 350 352 353 354 359 360 366 369 375 376 380 390 391 393 394 396 397 404 413 415 419 421 424 439 440 443 444 451 452 454 455 458 460 466 473 485 488 505 507 508 515 520 529 536 540 541 561 573 583 593 597 614 644 646 647 648 655 657 659 684 
Fingerprint object
 name =   
 length =  881 
 folded =  FALSE 
 source =  CDK 
 bits on =  10 11 12 13 15 16 19 20 179 183 184 185 186 190 193 284 285 286 287 333 334 341 345 346 347 352 353 356 357 358 359 366 367 371 372 375 377 378 381 385 386 387 388 391 392 397 404 406 417 419 421 431 432 435 438 440 441 442 443 444 447 450 452 453 454 463 465 471 473 483 491 494 496 503 507 517 521 524 525 531 536 538 539 540 541 546 547 549 550 553 554 556 557 565 567 571 574 575 577 578 579 580 583 585 586 593 595 596 598 600 601 604 605 606 608 609 614 615 616 619 620 624 629 634 635 638 641 642 646 647 656 657 658 660 661 665 666 667 669 672 678 679 680 681 683 684 685 686 689 690 693 697 698 699 705 709 710 711 713 756 759 819 822 
Fingerprint object
 name =   
 length =  881 
 folded =  FALSE 
 source =  CDK 
 bits on =  10 11 12 13 15 19 20 21 34 179 183 186 190 193 197 284 285 286 287 294 300 306 333 334 342 345 346 347 352 353 354 356 357 366 367 371 372 375 381 382 383 384 385 394 406 415 417 421 431 435 441 442 444 447 453 458 460 466 471 477 484 491 499 517 521 525 529 532 533 537 542 543 549 553 557 565 566 567 568 571 574 575 579 583 585 590 595 596 600 604 605 607 609 615 616 619 620 621 627 633 635 638 641 642 652 656 661 663 665 667 669 678 679 680 681 689 690 697 709 710 711 713 715 716 737 756 778 779 800 819 
Fingerprint object
 name =   
 length =  881 
 folded =  FALSE 
 source =  CDK 
 bits on =  10 11 12 13 15 16 19 20 21 34 144 145 179 183 186 190 284 285 286 287 294 300 306 333 334 339 341 345 346 347 352 353 354 356 357 366 367 371 372 381 384 385 391 393 394 406 415 417 421 431 435 440 441 442 444 447 452 453 458 460 463 466 471 484 491 517 521 525 529 532 533 537 538 541 553 557 565 567 571 579 583 585 593 596 600 604 606 609 614 615 616 619 635 641 644 646 647 657 660 661 665 669 678 679 680 684 689 697 709 710 711 713 716 737 756 779 800 819 
Fingerprint object
 name =   
 length =  881 
 folded =  FALSE 
 source =  CDK 
 bits on =  10 11 12 13 15 16 19 20 21 38 179 183 284 285 286 287 295 300 333 334 336 340 342 343 345 347 352 353 356 357 363 367 371 372 375 376 381 382 383 385 391 393 394 406 417 421 431 435 440 441 442 444 447 452 453 463 471 477 491 499 502 504 506 517 521 525 536 538 542 543 545 549 551 552 553 554 557 561 565 566 567 568 571 574 575 579 580 583 584 585 590 592 593 595 596 599 600 604 605 606 607 609 614 615 616 619 620 621 627 631 633 635 638 641 642 644 646 648 651 652 655 656 660 661 663 665 667 669 672 673 678 679 680 681 689 690 700 709 710 711 715 736 739 744 762 765 778 799 802 807 825 828 
Fingerprint object
 name =   
 length =  881 
 folded =  FALSE 
 source =  CDK 
 bits on =  10 11 12 15 16 19 20 21 38 179 183 284 285 286 287 295 300 302 333 334 336 341 343 345 347 352 353 356 363 367 371 372 375 377 378 381 385 391 393 394 396 402 406 417 421 424 435 438 440 441 442 444 447 450 452 453 455 456 463 465 471 491 496 502 503 504 515 517 521 525 536 538 546 547 548 550 551 553 557 559 565 567 570 571 579 580 583 585 586 592 593 596 599 600 601 604 606 608 609 612 614 615 616 619 629 634 635 638 641 644 646 649 657 658 660 661 665 666 669 678 679 680 681 684 685 709 710 730 751 771 793 814 834 
Fingerprint object
 name =   
 length =  881 
 folded =  FALSE 
 source =  CDK 
 bits on =  10 11 12 15 16 19 20 38 39 179 184 185 284 285 286 287 295 300 333 334 336 341 343 345 347 352 353 356 358 359 363 367 371 372 375 376 377 379 380 381 385 388 391 393 394 397 404 406 417 419 421 432 435 438 439 440 441 442 443 444 447 450 451 452 453 454 463 465 471 473 483 485 488 491 496 502 504 507 520 521 524 525 531 536 538 539 540 546 550 551 553 556 557 561 565 567 571 577 578 579 580 583 585 586 592 593 596 597 599 601 604 606 608 609 610 614 615 616 619 629 634 635 637 638 641 644 646 648 655 657 658 660 661 665 666 669 675 678 679 680 681 684 685 709 710 
Fingerprint object
 name =   
 length =  881 
 folded =  FALSE 
 source =  CDK 
 bits on =  10 11 12 13 15 16 19 20 34 35 144 146 147 179 183 284 285 286 287 294 300 333 334 335 345 346 350 352 353 354 356 357 366 369 371 372 375 384 385 391 392 393 394 413 417 421 422 431 435 440 442 444 447 452 471 490 491 501 508 509 517 521 525 529 532 533 541 553 557 565 570 571 579 583 585 587 596 600 604 609 612 619 635 641 644 646 647 657 659 661 665 669 678 679 680 689 697 698 709 710 711 712 713 716 779 
Fingerprint object
 name =   
 length =  881 
 folded =  FALSE 
 source =  CDK 
 bits on =  10 11 12 13 19 20 21 179 183 185 186 284 285 287 309 333 334 336 342 345 347 353 356 357 367 371 372 375 381 382 383 385 386 406 407 410 417 421 431 433 435 441 442 444 447 453 471 477 491 494 499 517 521 525 536 542 543 549 553 554 557 565 566 571 574 575 576 579 580 582 583 585 590 591 595 596 598 600 604 605 607 609 615 618 619 620 621 623 624 626 627 633 635 638 640 641 642 643 652 654 656 661 665 667 668 669 672 673 678 679 680 681 682 685 687 689 690 691 693 694 695 697 698 699 700 701 702 705 706 707 709 710 711 713 715 741 757 778 804 820 
Fingerprint object
 name =   
 length =  881 
 folded =  FALSE 
 source =  CDK 
 bits on =  10 11 12 13 15 19 20 21 38 179 183 186 190 284 285 286 287 295 300 333 334 341 342 343 345 347 352 353 356 357 363 367 371 372 375 377 378 381 382 383 385 391 393 394 406 417 421 431 435 438 440 441 442 444 447 450 452 453 463 465 471 477 491 494 496 499 502 503 504 506 517 521 525 536 538 542 543 546 547 549 550 551 552 553 554 557 565 566 567 568 571 574 575 579 580 583 584 585 586 590 592 593 595 596 598 599 600 601 604 605 606 607 608 609 614 615 616 619 620 621 624 627 629 633 634 635 638 641 642 644 646 652 656 657 658 660 661 663 665 666 667 669 672 673 678 679 680 681 684 685 689 690 692 693 696 699 703 704 705 708 709 710 711 717 765 780 828 
Fingerprint object
 name =   
 length =  881 
 folded =  FALSE 
 source =  CDK 
 bits on =  10 11 12 13 15 19 20 34 38 144 150 179 183 284 285 286 287 294 295 300 333 334 337 341 343 345 347 352 353 354 356 357 363 367 371 372 375 381 384 385 391 393 394 406 413 417 421 422 431 435 440 441 442 444 447 452 453 463 471 472 481 491 494 501 502 504 508 514 517 521 525 532 533 536 538 549 551 553 554 557 565 567 571 574 575 579 580 583 585 587 592 595 596 598 599 600 604 605 606 609 615 616 619 620 624 635 638 641 642 644 646 656 657 659 660 661 665 667 669 672 673 678 679 680 681 685 689 690 693 697 698 699 705 709 710 711 718 781 
Fingerprint object
 name =   
 length =  881 
 folded =  FALSE 
 source =  CDK 
 bits on =  10 11 12 13 15 19 20 21 38 179 183 284 285 286 287 295 300 333 334 340 342 343 345 347 352 353 356 357 363 367 371 372 375 381 382 383 385 394 406 417 421 431 435 440 441 442 444 447 452 453 463 471 477 491 499 502 504 506 517 521 525 536 538 542 543 545 549 551 552 553 554 557 565 566 567 568 571 574 575 579 583 584 585 590 592 595 596 599 600 604 605 606 607 609 615 616 619 620 621 627 631 633 635 638 641 642 644 652 656 661 663 665 667 669 672 673 678 679 680 681 689 690 700 709 710 711 715 736 739 744 762 765 778 799 802 807 825 828 
Fingerprint object
 name =   
 length =  881 
 folded =  FALSE 
 source =  CDK 
 bits on =  10 11 12 13 15 19 20 21 144 149 150 151 157 179 183 284 285 286 287 333 334 336 341 342 345 346 347 352 353 356 357 358 359 366 367 368 371 372 375 377 381 382 383 385 388 391 392 397 398 404 406 417 419 421 431 432 433 435 438 441 442 443 444 447 450 453 454 463 465 471 473 477 483 491 494 496 499 503 507 517 521 522 524 525 531 536 538 539 540 541 542 543 545 546 547 549 550 553 554 556 557 564 565 566 568 571 574 575 577 578 579 580 581 583 585 586 590 593 595 596 598 600 601 604 605 606 607 608 609 611 614 615 619 620 624 625 627 629 631 634 635 638 641 642 652 656 657 658 661 662 663 665 666 667 669 672 673 674 678 679 680 681 683 684 685 686 689 690 692 700 703 704 709 710 711 715 736 762 778 799 825 
Fingerprint object
 name =   
 length =  881 
 folded =  FALSE 
 source =  CDK 
 bits on =  10 11 12 13 15 19 20 21 38 179 183 186 190 284 285 286 287 295 300 333 334 341 342 343 345 347 352 353 356 357 363 367 371 372 375 377 378 381 382 383 385 391 393 394 406 417 421 431 435 438 440 441 442 444 447 450 452 453 463 465 471 477 491 496 499 502 504 506 517 521 525 538 542 543 546 549 550 551 552 553 557 565 566 567 568 571 574 575 579 583 584 585 586 590 592 593 595 596 599 600 601 604 605 606 607 608 609 614 615 616 619 620 621 627 629 633 634 635 638 641 642 644 646 652 656 657 658 660 661 663 665 666 667 669 678 679 680 681 684 689 690 698 709 710 711 717 735 759 765 780 798 822 828 
Fingerprint object
 name =   
 length =  881 
 folded =  FALSE 
 source =  CDK 
 bits on =  10 11 12 13 15 16 19 20 21 34 179 183 186 190 193 197 284 285 286 287 294 300 306 333 334 341 345 346 347 352 353 354 356 357 366 367 371 372 375 377 378 381 384 385 391 392 394 406 415 417 421 431 435 438 440 441 442 444 447 450 452 453 458 460 463 465 466 471 484 491 496 503 517 521 525 529 532 533 537 538 541 546 547 550 553 557 565 567 571 579 583 585 586 593 596 600 601 604 606 608 609 614 615 616 619 629 634 635 641 646 647 657 658 660 661 665 666 669 678 679 680 684 689 697 709 710 711 713 716 737 756 779 800 819 
Fingerprint object
 name =   
 length =  881 
 folded =  FALSE 
 source =  CDK 
 bits on =  10 11 12 15 16 19 20 44 116 117 179 183 284 285 286 287 298 300 328 329 331 333 334 336 337 341 342 345 347 352 353 356 367 371 372 375 382 383 385 391 393 394 406 417 420 421 430 435 440 442 444 447 452 463 471 477 491 499 510 517 521 525 538 542 543 549 553 555 557 565 566 567 569 571 574 575 579 583 585 590 593 595 596 600 604 605 606 607 609 614 615 616 619 620 621 627 633 635 638 641 642 644 646 652 656 657 660 661 665 667 669 671 676 677 678 679 680 681 690 709 710 713 766 829 
Fingerprint object
 name =   
 length =  881 
 folded =  FALSE 
 source =  CDK 
 bits on =  10 11 12 15 19 20 44 116 117 179 183 284 285 286 287 298 300 328 329 331 333 339 341 342 345 346 347 352 353 356 366 367 371 372 382 383 385 391 393 394 406 417 421 435 440 442 444 447 452 463 471 477 491 499 510 517 521 525 529 538 541 542 543 549 553 555 557 565 566 567 571 574 575 579 583 585 590 595 596 600 604 605 606 607 609 614 615 616 619 620 621 627 633 635 638 641 642 644 646 647 652 656 657 660 661 665 667 669 671 676 678 679 680 681 690 766 829 
Fingerprint object
 name =   
 length =  881 
 folded =  FALSE 
 source =  CDK 
 bits on =  10 11 12 15 19 20 179 183 284 285 286 287 300 333 334 339 341 345 346 352 353 356 357 366 367 371 372 375 381 385 394 406 417 421 431 435 441 442 444 447 453 465 471 491 517 521 525 529 536 537 550 553 557 565 567 571 579 580 583 585 593 596 598 600 604 608 609 616 619 634 635 638 641 642 656 661 665 669 678 679 680 681 684 685 689 690 693 697 699 705 709 710 711 
Fingerprint object
 name =   
 length =  881 
 folded =  FALSE 
 source =  CDK 
 bits on =  10 11 12 13 15 16 19 20 34 144 149 150 179 183 186 190 284 285 286 287 294 300 301 333 334 335 345 350 352 353 354 356 357 359 369 371 372 375 376 380 384 385 391 393 394 406 410 413 417 419 421 423 431 435 440 442 443 444 447 451 452 465 468 471 487 491 493 494 501 508 516 517 518 519 520 521 525 531 532 533 536 539 549 550 553 554 556 557 560 561 565 571 574 575 577 579 580 583 585 587 593 595 596 597 598 600 604 605 608 609 613 619 620 624 634 635 636 638 641 642 644 645 646 648 651 655 656 659 661 665 667 669 672 673 678 679 680 681 684 685 689 690 693 697 698 699 705 709 710 711 712 713 716 779 
Fingerprint object
 name =   
 length =  881 
 folded =  FALSE 
 source =  CDK 
 bits on =  10 11 12 13 15 16 19 20 21 144 146 147 179 180 284 285 286 287 300 301 333 334 336 337 341 345 347 352 353 367 375 376 381 391 393 394 395 399 406 421 440 441 444 452 453 463 516 518 519 523 536 537 538 561 567 570 580 583 593 603 606 612 614 615 616 636 637 638 644 646 648 651 655 680 681 684 685 689 693 705 709 710 711 
Fingerprint object
 name =   
 length =  881 
 folded =  FALSE 
 source =  CDK 
 bits on =  10 11 12 13 15 16 19 20 116 117 179 183 184 185 186 284 285 286 287 300 333 334 339 340 341 342 345 346 347 352 353 356 357 358 359 366 367 371 372 375 377 378 381 385 386 387 388 391 393 394 397 404 406 417 419 421 431 432 435 438 440 441 442 443 444 447 450 452 453 454 463 465 471 473 483 491 494 496 503 507 517 521 524 525 529 531 536 538 539 540 541 546 547 549 550 553 554 556 557 565 567 571 574 575 577 578 579 580 583 585 586 593 595 596 598 600 601 604 605 606 608 609 614 615 616 619 620 624 629 634 635 638 641 642 644 646 647 656 657 658 660 661 665 666 667 669 672 678 679 680 681 683 684 685 686 689 690 693 697 698 699 705 709 710 711 713 759 822 
Fingerprint object
 name =   
 length =  881 
 folded =  FALSE 
 source =  CDK 
 bits on =  10 11 12 13 15 19 20 21 34 179 183 186 190 214 219 220 284 285 286 287 294 300 333 334 340 341 342 345 347 350 352 353 354 356 357 367 369 371 372 375 377 378 381 382 383 384 385 391 393 394 406 413 417 421 431 433 435 438 440 441 442 444 447 450 452 453 463 465 471 477 491 494 496 499 501 503 508 517 521 525 532 533 534 536 538 542 543 546 547 549 550 553 554 557 565 566 571 574 575 579 580 583 585 586 587 590 593 595 596 598 600 601 604 605 606 607 608 609 614 615 619 620 624 627 629 634 635 638 641 642 644 646 652 656 657 658 659 661 665 666 667 669 672 673 678 679 680 681 683 684 685 686 689 690 693 694 697 699 705 706 709 710 711 715 716 738 768 778 779 801 831 
Fingerprint object
 name =   
 length =  881 
 folded =  FALSE 
 source =  CDK 
 bits on =  10 11 12 13 15 16 19 20 144 149 150 179 183 186 190 284 285 286 287 301 333 334 340 341 342 345 346 347 352 353 356 357 358 359 366 367 371 372 373 374 375 377 378 381 385 388 391 397 406 417 419 420 421 423 430 431 432 435 436 438 441 442 443 444 446 447 448 450 453 454 465 468 471 478 483 491 492 494 496 497 503 516 517 521 524 525 531 536 539 541 546 547 549 550 553 554 556 557 565 569 571 574 575 577 578 579 580 581 583 585 586 593 594 595 596 600 601 602 604 605 608 609 614 615 617 619 620 622 624 625 629 634 635 638 639 641 645 657 658 661 665 666 667 669 672 673 674 678 679 680 681 684 685 689 690 693 697 698 699 705 709 710 711 714 777 
Fingerprint object
 name =   
 length =  881 
 folded =  FALSE 
 source =  CDK 
 bits on =  10 11 12 15 16 19 20 21 34 38 144 146 147 179 183 284 285 286 287 294 295 300 333 342 343 345 346 347 350 352 353 354 356 363 366 367 369 371 372 381 382 383 385 391 392 393 394 406 413 417 421 435 440 441 442 444 447 452 453 463 471 477 490 491 499 502 504 506 508 517 521 525 529 538 541 542 543 549 551 552 553 557 565 566 567 568 570 571 574 575 579 583 584 585 590 592 595 596 599 600 604 605 606 607 609 612 615 616 619 620 621 627 633 635 638 641 642 644 646 647 651 652 656 657 660 661 663 665 667 669 678 679 680 681 690 765 828 
Fingerprint object
 name =   
 length =  881 
 folded =  FALSE 
 source =  CDK 
 bits on =  10 11 12 13 15 19 20 21 38 179 180 183 186 187 193 194 200 284 285 286 287 295 300 333 334 335 336 339 341 342 343 345 346 347 352 353 356 363 366 367 371 372 375 381 382 383 385 391 393 394 406 417 421 435 440 441 442 444 447 452 453 463 471 477 491 499 502 504 506 517 521 525 529 538 541 542 543 549 551 552 553 557 565 566 567 568 571 574 575 579 583 584 585 590 592 593 595 596 599 600 604 605 606 607 609 614 615 616 619 620 621 627 633 635 638 641 642 644 646 647 652 656 657 660 661 663 665 667 669 678 679 680 681 684 689 690 697 698 709 710 711 712 765 798 828 
Fingerprint object
 name =   
 length =  881 
 folded =  FALSE 
 source =  CDK 
 bits on =  10 11 12 15 44 144 145 179 183 284 285 286 298 300 328 329 331 333 334 339 341 345 346 352 356 357 366 371 372 385 391 393 394 417 431 435 442 447 465 471 491 510 517 521 525 529 541 550 553 555 557 565 571 579 583 585 593 596 600 604 608 609 614 619 629 634 635 641 644 657 661 665 669 671 676 678 679 680 684 689 709 710 711 740 803 
Fingerprint object
 name =   
 length =  881 
 folded =  FALSE 
 source =  CDK 
 bits on =  10 11 12 13 15 19 20 21 38 179 183 284 285 286 287 295 300 333 334 342 343 345 347 352 353 356 357 363 367 371 372 375 381 382 383 385 391 393 394 406 417 421 431 435 440 441 442 444 447 452 453 463 471 477 491 499 502 504 506 517 521 525 538 542 543 545 549 551 552 553 554 557 560 565 566 567 568 571 574 575 579 583 584 585 590 592 595 596 599 600 604 605 606 607 609 613 615 616 619 620 621 627 631 633 635 638 641 642 644 646 651 652 656 660 661 663 665 667 669 672 673 678 679 680 681 689 690 700 709 710 711 715 736 739 744 762 765 778 799 802 807 825 828 
Fingerprint object
 name =   
 length =  881 
 folded =  FALSE 
 source =  CDK 
 bits on =  10 11 12 13 15 19 20 21 38 179 183 186 190 284 285 286 287 295 300 333 334 339 341 342 343 345 346 347 352 353 356 357 363 366 367 371 372 375 381 382 383 385 391 393 394 406 417 421 431 435 440 441 442 444 447 452 453 463 465 471 477 491 499 502 504 506 517 521 525 529 538 541 542 543 549 550 551 552 553 557 565 566 567 568 571 574 575 579 583 584 585 590 592 593 595 596 599 600 604 605 606 607 608 609 614 615 616 619 620 621 627 629 633 634 635 638 641 642 644 646 647 652 656 657 660 661 663 665 667 669 678 679 680 681 684 689 690 697 698 709 710 711 713 714 735 756 765 777 798 819 828 
Fingerprint object
 name =   
 length =  881 
 folded =  FALSE 
 source =  CDK 
 bits on =  10 11 12 13 15 19 20 21 38 179 183 186 190 284 285 286 287 295 300 333 334 342 343 345 347 352 353 356 357 363 367 371 372 381 382 383 385 391 393 394 406 417 421 431 435 440 441 442 444 447 452 453 463 465 471 477 491 494 499 502 504 506 517 521 525 536 538 542 543 549 550 551 552 553 554 557 565 566 567 568 571 574 575 579 580 583 584 585 590 592 593 595 596 598 599 600 604 605 606 607 608 609 614 615 616 619 620 621 624 627 629 633 634 635 638 641 642 644 646 651 652 656 657 660 661 663 665 667 669 672 673 678 679 680 681 684 685 689 690 693 705 709 710 711 765 828 
Fingerprint object
 name =   
 length =  881 
 folded =  FALSE 
 source =  CDK 
 bits on =  10 11 12 13 15 16 19 34 35 38 39 144 148 150 151 179 183 284 285 286 287 294 295 300 333 334 343 345 350 352 353 354 356 357 363 369 371 372 377 384 385 391 393 394 413 417 420 421 422 430 431 435 440 442 444 447 450 452 465 467 471 472 481 490 491 496 501 502 504 508 509 512 517 521 525 532 546 550 551 553 557 565 569 571 579 583 585 586 587 592 593 596 599 600 601 604 608 609 614 619 629 634 635 641 644 646 657 658 659 661 665 666 669 677 678 679 680 684 689 698 709 710 711 713 753 769 816 832 863 
Fingerprint object
 name =   
 length =  881 
 folded =  FALSE 
 source =  CDK 
 bits on =  10 11 12 13 15 16 19 20 21 34 179 180 183 186 190 193 284 285 286 287 294 300 306 333 334 336 339 341 345 346 347 352 353 354 356 357 366 367 371 372 375 381 384 385 391 393 394 406 415 417 421 431 435 440 441 442 444 447 452 453 458 460 463 466 471 484 491 517 521 525 529 532 533 537 538 541 553 557 565 567 571 579 583 585 593 596 600 604 606 609 614 615 616 619 635 641 644 646 647 657 660 661 665 669 678 679 680 684 689 697 709 710 711 713 716 737 756 779 800 819 822 
Fingerprint object
 name =   
 length =  881 
 folded =  FALSE 
 source =  CDK 
 bits on =  10 11 12 13 15 19 20 21 24 25 38 179 183 186 190 284 285 286 287 288 295 300 333 341 342 343 345 347 352 353 356 363 364 367 371 372 377 378 381 382 383 385 391 393 394 406 417 421 435 438 440 441 442 444 447 450 452 453 463 465 471 477 491 496 499 502 503 504 506 517 521 525 538 542 543 546 547 549 550 551 552 553 557 565 566 567 568 571 574 575 579 583 584 585 586 590 592 593 595 596 599 600 601 604 605 606 607 608 609 614 615 616 619 620 621 627 629 633 634 635 638 641 642 644 646 652 656 657 658 660 661 663 665 666 667 669 678 679 680 681 683 684 690 722 765 785 828 