1 	 218 	 csf183 	 0.101
2 	 206 	 csf15 	 0.013
3 	 207 	 csf422 	 0.002
4 	 208 	 csf610 	 0.002
5 	 209 	 csf147 	 0.002
6 	 210 	 csf567 	 0.002
7 	 211 	 csf651 	 0.003
8 	 212 	 csf653 	 0.002
9 	 213 	 csf517 	 0.006
10 	 214 	 csf158 	 0.002
11 	 215 	 csf623 	 0.002
12 	 216 	 csf436 	 0.001
13 	 146 	 motif146 	 0.000
14 	 217 	 csf518 	 0.001
15 	 205 	 csf179 	 0.001
16 	 148 	 motif148 	 0.000
17 	 147 	 motif147 	 0.000
18 	 150 	 motif150 	 0.000
19 	 219 	 csf391 	 0.001
20 	 145 	 motif145 	 0.000
21 	 226 	 csf641 	 0.000
22 	 144 	 motif144 	 0.000
23 	 143 	 motif143 	 0.000
24 	 142 	 motif142 	 0.000
25 	 149 	 motif149 	 0.000
26 	 140 	 motif140 	 0.000
27 	 220 	 csf619 	 0.003
28 	 151 	 motif151 	 0.000
29 	 222 	 csf352 	 0.001
30 	 158 	 motif158 	 0.000
31 	 156 	 motif156 	 0.000
32 	 125 	 motif125 	 0.000
33 	 224 	 csf669 	 0.001
34 	 159 	 motif159 	 0.000
35 	 152 	 motif152 	 0.000
36 	 157 	 motif157 	 0.000
37 	 223 	 csf579 	 0.000
38 	 153 	 motif153 	 0.000
39 	 155 	 motif155 	 0.000
40 	 154 	 motif154 	 0.000
41 	 141 	 motif141 	 0.000
42 	 161 	 motif161 	 0.000
43 	 225 	 csf609 	 0.000
44 	 124 	 motif124 	 0.000
45 	 122 	 motif122 	 0.000
46 	 126 	 motif126 	 0.000
47 	 177 	 motif177 	 0.000
48 	 128 	 motif128 	 0.000
49 	 227 	 csf553 	 0.000
50 	 123 	 motif123 	 0.000
51 	 129 	 motif129 	 0.000
52 	 121 	 motif121 	 0.000
53 	 120 	 motif120 	 0.000
54 	 127 	 motif127 	 0.000
55 	 231 	 csf565 	 0.000
56 	 139 	 motif139 	 0.000
57 	 135 	 motif135 	 0.000
58 	 133 	 motif133 	 0.000
59 	 137 	 motif137 	 0.000
60 	 136 	 motif136 	 0.000
61 	 229 	 csf585 	 0.000
62 	 138 	 motif138 	 0.000
63 	 134 	 motif134 	 0.000
64 	 130 	 motif130 	 0.000
65 	 132 	 motif132 	 0.000
66 	 131 	 motif131 	 0.000
67 	 232 	 csf596 	 0.000
68 	 160 	 motif160 	 0.000
69 	 118 	 motif118 	 0.000
70 	 162 	 motif162 	 0.000
71 	 191 	 motif191 	 0.000
72 	 189 	 motif189 	 0.000
73 	 221 	 csf471 	 0.000
74 	 193 	 motif193 	 0.000
75 	 192 	 motif192 	 0.000
76 	 195 	 motif195 	 0.000
77 	 190 	 motif190 	 0.000
78 	 196 	 motif196 	 0.000
79 	 230 	 csf665 	 0.000
80 	 188 	 motif188 	 0.000
81 	 187 	 motif187 	 0.000
82 	 194 	 motif194 	 0.000
83 	 185 	 motif185 	 0.000
84 	 202 	 motif202 	 0.000
85 	 228 	 csf678 	 0.000
86 	 200 	 motif200 	 0.000
87 	 204 	 motif204 	 0.000
88 	 203 	 motif203 	 0.000
89 	 184 	 motif184 	 0.000
90 	 201 	 motif201 	 0.000
91 	 197 	 motif197 	 0.000
92 	 199 	 motif199 	 0.000
93 	 198 	 motif198 	 0.000
94 	 186 	 motif186 	 0.000
95 	 163 	 motif163 	 0.000
96 	 169 	 motif169 	 0.000
97 	 167 	 motif167 	 0.000
98 	 171 	 motif171 	 0.000
99 	 170 	 motif170 	 0.000
100 	 173 	 motif173 	 0.000